0 -1 -2 51 0 3 3 51 0 1 -1 40 0 -3 3 20 0 3 2 20 0 1 2 40 0 -2 3 43 0 -3 2 10 0 3 -2 20 0 -1 2 38 0 1 1 10 0 -2 2 10 0 -1 1 30 0 2 -3 30 0 -3 -2 30 38 -1 2 3 0 -1 3 46 0 1 -3 20 0 1 -2 18 0 2 -1 35 0 -2 -2 32 336 3 -2 4 0 3 -3 34 0 -3 -1 40 0 3 -1 16 0 -2 -3 16 0 -1 -1 30 0 -3 -3 30 0 -1 -3 30 0 3 1 16 0 -3 1 10 0 2 2 42 0 2 1 8 19 -1 -1 5 19 -3 1 2 416 3 3 2 38 3 -1 3 416 -1 -2 3 416 -2 -1 3 137 2 1 2 38 -2 -1 2 416 -3 -1 2 19 2 -1 1 496 3 3 1 38 1 3 1 368 2 -2 1 76 2 2 1 19 2 2 1 76 -3 3 1 
137 3 2 6 0 -1 -2 97 0 3 3 86 0 1 -1 88 0 -2 -1 13 0 3 2 36 0 1 2 76 0 -2 3 83 0 3 -2 41 0 -1 2 75 0 1 1 20 0 -2 2 20 0 -1 1 60 0 2 -3 63 0 2 3 8 0 -3 -2 60 0 -1 3 88 0 1 -3 44 0 1 -2 32 0 2 -1 60 0 -2 -2 59 336 3 -2 8 0 3 -3 60 0 -3 -1 77 0 3 -1 29 0 -2 -3 32 0 -1 -1 59 0 -3 -3 56 0 -1 -3 55 0 3 1 31 0 -3 1 20 0 2 2 78 0 2 1 18 19 1 -3 3 336 -3 -3 2 19 -1 -1 10 19 1 1 5 38 -3 -3 2 416 -2 -2 5 336 -1 1 10 19 -3 1 4 76 -1 -2 9 137 1 1 5 137 -3 2 5 19 -3 3 2 76 -3 3 4 336 1 -1 2 19 -2 2 2 76 1 3 2 137 2 -2 2 205 1 2 1 416 1 1 1 336 1 1 1 55 -3 3 1 
0 -1 -2 138 0 1 -1 131 0 -2 -1 25 0 1 2 110 0 -2 3 92 0 3 -2 46 0 -1 2 115 0 1 1 30 76 3 -2 4 0 -1 1 94 0 2 -3 70 0 2 3 13 38 -1 2 4 0 1 -3 59 0 1 -2 47 0 2 -1 83 416 -1 3 5 0 3 -1 36 0 -2 -3 38 0 -1 -1 79 0 3 1 42 0 2 2 100 0 2 1 28 76 -1 1 8 137 3 1 8 19 -3 1 6 416 3 3 7 137 1 1 9 76 2 2 6 336 -3 -1 6 336 -1 -1 3 19 -2 2 3 19 2 3 10 416 2 -2 2 19 1 -1 12 137 2 -2 6 19 -2 -2 2 19 -2 1 4 76 1 -3 1 205 3 -2 1 340 1 3 1 
0 -1 -2 164 0 1 -1 167 0 1 2 129 0 -2 3 98 0 -1 2 134 0 1 1 38 0 -1 1 129 0 2 3 18 0 -1 3 112 38 -2 1 10 0 2 -1 94 0 -2 -2 91 0 -3 -1 98 0 -1 -1 102 0 -1 -3 74 0 2 2 118 336 -1 1 17 137 3 1 11 416 -3 -1 8 38 1 3 3 19 1 -1 18 416 -3 3 10 339 1 -3 2 76 3 -3 2 
0 -1 -2 183 0 1 -1 201 0 -2 3 103 0 -1 2 138 0 -1 1 162 0 2 3 23 0 -2 -2 106 0 -1 -1 118 0 2 2 125 416 1 3 15 19 1 -3 5 416 3 3 12 336 1 -1 12 38 2 -2 15 416 -3 3 15 76 1 -3 6 
0 -2 3 108 0 2 3 28 38 -2 1 18 0 -2 -2 112 0 3 -1 44 0 2 2 130 19 2 1 13 38 3 -3 7 137 2 -2 17 339 1 -3 7 129 -3 -1 3 
0 -2 3 113 0 2 3 34 0 -1 3 122 0 2 -1 104 0 -2 -2 117 0 3 -1 49 0 3 1 46 416 3 3 17 76 -3 -1 10 0 1 3 7 
0 -2 3 118 0 2 3 44 0 -2 -2 122 336 1 -1 22 19 2 3 19 76 1 3 5 416 -3 3 27 
0 -2 3 123 0 -2 -2 127 0 3 1 56 137 2 -2 27 416 -3 3 32 0 -2 1 10 
0 -2 3 128 0 -1 3 132 19 -1 1 5 38 -1 3 1 416 1 -3 1 
0 -2 3 133 0 3 -1 62 76 3 1 4 336 1 -1 29 19 -3 2 5 
0 -2 3 138 137 2 -2 37 496 1 2 5 76 3 -3 3 
0 -2 3 143 416 -3 3 49 416 3 -1 5 
0 -2 3 148 0 3 -2 58 416 -1 3 8 336 1 -1 37 
0 -2 3 153 416 -1 3 13 137 2 -2 47 
0 -2 3 158 0 -1 3 152 416 -1 3 15 
0 -2 3 163 416 -1 3 17 336 1 -1 44 
0 -2 3 168 416 -1 3 19 137 2 -2 57 
0 -2 3 173 19 -1 1 7 416 3 -1 10 
0 -2 3 178 336 1 -1 52 155 -1 -1 2 
0 -2 3 183 416 -1 3 27 137 2 -2 67 
0 -2 3 188 38 2 -2 38 
0 -2 3 193 155 -1 -1 12 
0 -2 3 198 416 -1 3 37 
0 -2 3 203 38 2 -2 48 
0 -2 3 208 155 -1 -1 22 
0 -2 3 213 416 -1 3 47 
0 -2 3 218 38 2 -2 58 
0 -2 3 223 155 -1 -1 32 
0 -2 3 228 416 -1 3 57 
0 -2 3 233 38 2 -2 68 
0 -2 3 238 155 -1 -1 42 
0 -2 3 243 416 -1 3 67 
0 -2 3 248 38 2 -2 78 
0 -2 3 253 155 -1 -1 52 
0 -2 3 258 416 -1 3 77 
0 -2 3 263 38 2 -2 88 
0 -2 3 268 155 -1 -1 62 
0 -2 3 273 416 -1 3 87 
0 -2 3 278 38 2 -2 98 
0 -2 3 283 155 -1 -1 72 
0 -2 3 288 416 -1 3 97 
0 -2 3 293 38 2 -2 108 
0 -2 3 298 155 -1 -1 82 
0 -2 3 303 416 -1 3 107 
0 -2 3 308 38 2 -2 118 
0 -2 3 313 155 -1 -1 92 
0 -2 3 318 416 -1 3 117 
0 -2 3 323 38 2 -2 128 
0 -2 3 328 155 -1 -1 102 
0 -2 3 333 416 -1 3 127 
0 -2 3 338 38 2 -2 138 
0 -2 3 343 155 -1 -1 112 
0 -2 3 348 416 -1 3 137 
0 -2 3 353 38 2 -2 148 
0 -2 3 358 155 -1 -1 122 
0 -2 3 363 416 -1 3 147 
0 -2 3 368 38 2 -2 158 
0 -2 3 373 155 -1 -1 132 
0 -2 3 378 416 -1 3 157 
0 -2 3 383 38 2 -2 168 
0 -2 3 388 155 -1 -1 142 
0 -2 3 393 416 -1 3 167 
0 -2 3 398 38 2 -2 178 
0 -2 3 403 155 -1 -1 152 
0 -2 3 408 416 -1 3 177 
0 -2 3 413 38 2 -2 188 
0 -2 3 418 155 -1 -1 162 
0 -2 3 423 416 -1 3 187 
0 -2 3 428 38 2 -2 198 
0 -2 3 433 155 -1 -1 172 
0 -2 3 438 416 -1 3 197 
0 -2 3 443 38 2 -2 208 
0 -2 3 448 155 -1 -1 182 
0 -2 3 453 416 -1 3 207 
0 -2 3 458 38 2 -2 218 
0 -2 3 463 155 -1 -1 192 
0 -2 3 468 416 -1 3 217 
0 -2 3 473 38 2 -2 228 
0 -2 3 478 155 -1 -1 202 
0 -2 3 483 416 -1 3 227 
