1100.0
867.0
511.0
311.0
194.0
180.0
187.0
197.0
198.0
221.0
233.0
270.0
304.0
333.0
369.0
404.0
452.0
502.0
567.0
610.0
670.0
706.0
759.0
833.0
873.0
924.0
958.0
1024.0
1067.0
1129.0
1165.0
1222.0
1236.0
1318.0
1381.0
1419.0
1509.0
1553.0
1643.0
1707.0
1725.0
1789.0
1808.0
1859.0
1921.0
1937.0
1994.0
2037.0
2069.0
2130.0
2129.0
2166.0
2187.0
2241.0
2275.0
2328.0
2350.0
2351.0
2351.0
2404.0
2426.0
2434.0
2428.0
2423.0
2468.0
2496.0
2534.0
2533.0
2539.0
2533.0
2598.0
2593.0
2562.0
2555.0
2561.0
2626.0
2618.0
2635.0
2665.0
2684.0
2631.0
2653.0
2675.0
2684.0
2690.0
2771.0
2771.0
2755.0
2753.0
2795.0
2779.0
2783.0
2842.0
2861.0
2861.0
2837.0
2851.0
2812.0
2850.0
2863.0
2858.0
2912.0
2936.0
2973.0
2925.0
2966.0
2952.0
2966.0
2940.0
2945.0
2988.0
2956.0
3014.0
3024.0
3002.0
3037.0
3088.0
3103.0
3081.0
3119.0
3056.0
3065.0
3001.0
3048.0
2991.0
3034.0
3020.0
3104.0
3144.0
3117.0
3090.0
3136.0
3109.0
3065.0
3118.0
3113.0
3087.0
3152.0
3131.0
3120.0
3163.0
3160.0
3156.0
3164.0
3177.0
3186.0
3195.0
3182.0
3200.0
3216.0
3156.0
3126.0
3186.0
3173.0
3205.0
3160.0
3162.0
3169.0
3158.0
3186.0
3200.0
3202.0
3190.0
3215.0
3261.0
3302.0
3290.0
3264.0
3224.0
3251.0
3275.0
3296.0
3301.0
3273.0
3318.0
3321.0
3321.0
3336.0
3300.0
3306.0
3303.0
3333.0
3312.0
3300.0
3309.0
3315.0
3266.0
3280.0
3286.0
3309.0
3326.0
3357.0
3365.0
3336.0
3336.0
3319.0
3356.0
3332.0
3343.0
3369.0
3387.0
3390.0
3448.0
3417.0
3351.0
3361.0
3386.0
3433.0
3386.0
3384.0
3336.0
3387.0
3411.0
3401.0
3429.0
3367.0
3340.0
3377.0
3418.0
3399.0
3369.0
3404.0
3400.0
3376.0
3365.0
3378.0
3314.0
3354.0
3373.0
3383.0
3415.0
3406.0
3392.0
3402.0
3379.0
3416.0
3400.0
3432.0
3397.0
3423.0
3376.0
3363.0
3391.0
3415.0
3438.0
3438.0
3445.0
3453.0
3421.0
3392.0
3395.0
3428.0
3401.0
3416.0
3372.0
3341.0
3402.0
3354.0
3405.0
3399.0
3405.0
3376.0
3348.0
3398.0
3438.0
3396.0
3356.0
3369.0
3322.0
3331.0
3374.0
3363.0
3348.0
3331.0
3339.0
3343.0
3404.0
3351.0
3341.0
3368.0
3378.0
3363.0
3399.0
3383.0
3442.0
3434.0
3401.0
3437.0
3429.0
3412.0
3396.0
3393.0
3413.0
3373.0
3414.0
3326.0
3358.0
3393.0
3388.0
3331.0
3357.0
3384.0
3389.0
3396.0
3396.0
3421.0
3351.0
3420.0
3413.0
3424.0
3402.0
3397.0
3341.0
3366.0
3380.0
3417.0
3415.0
3413.0
3405.0
3368.0
3357.0
3364.0
3422.0
3423.0
3401.0
3456.0
3409.0
3381.0
3335.0
3342.0
3388.0
3390.0
3428.0
3397.0
3366.0
3384.0
3357.0
3320.0
3340.0
3335.0
3362.0
3377.0
3382.0
3344.0
3384.0
3340.0
3379.0
3445.0
3434.0
3436.0
3354.0
3331.0
3321.0
3335.0
3425.0
3358.0
3379.0
3358.0
3328.0
3314.0
3293.0
3285.0
3307.0
3357.0
3356.0
3391.0
3389.0
3416.0
3362.0
3335.0
3320.0
3346.0
3407.0
3380.0
3395.0
3356.0
3346.0
3337.0
3320.0
3355.0
3331.0
3343.0
3311.0
3347.0
3324.0
3319.0
3279.0
3292.0
3296.0
3300.0
3316.0
3322.0
3297.0
3301.0
3325.0
3361.0
3332.0
3293.0
3283.0
3294.0
3299.0
3298.0
3257.0
3299.0
3324.0
3336.0
3323.0
3333.0
3362.0
3376.0
3350.0
3352.0
3321.0
3318.0
3361.0
3370.0
3357.0
3348.0
3340.0
3339.0
3384.0
3356.0
3424.0
3381.0
3357.0
3337.0
3355.0
3366.0
3378.0
3413.0
3378.0
3372.0
3342.0
3338.0
3381.0
3408.0
3370.0
3375.0
3349.0
3332.0
3335.0
3363.0
3375.0
3372.0
3332.0
3376.0
3334.0
3374.0
3367.0
3393.0
3397.0
3404.0
3359.0
3366.0
3347.0
3326.0
3373.0
3424.0
3389.0
3386.0
3376.0
3378.0
3410.0
3384.0
3384.0
3358.0
3380.0
3378.0
3366.0
3334.0
3333.0
3329.0
3313.0
3383.0
3374.0
3334.0
3298.0
3291.0
3306.0
3347.0
3351.0
3329.0
3377.0
3400.0
3365.0
3370.0
3393.0
3409.0
3391.0
3372.0
3352.0
3356.0
3340.0
3351.0
3334.0
3362.0
3358.0
3340.0
3351.0
3375.0
3317.0
3328.0
3374.0
3325.0
3324.0
3289.0
3334.0
3337.0
3293.0
3325.0
3317.0
3327.0
3303.0
3340.0
3286.0
3285.0
3269.0
3280.0
3312.0
3308.0
3309.0
3289.0
3268.0
3330.0
3329.0
3371.0
3376.0
3393.0
3378.0
3320.0
3325.0
3299.0
3314.0
3344.0
3345.0
3383.0
3377.0
3400.0
3413.0
3369.0
3405.0
3442.0
3349.0
3334.0
3351.0
3364.0
3355.0
3349.0
3365.0
3396.0
3378.0
3346.0
3387.0
3401.0
3455.0
3412.0
3394.0
3374.0
3397.0
3408.0
3393.0
3369.0
3361.0
3354.0
3398.0
3369.0
3392.0
3402.0
3432.0
3417.0
3418.0
3432.0
3408.0
3390.0
3409.0
3425.0
3402.0
3427.0
3403.0
3411.0
3424.0
3397.0
3409.0
3396.0
3422.0
3383.0
3428.0
3449.0
3440.0
3437.0
3379.0
3377.0
3394.0
3404.0
3376.0
3339.0
3360.0
3409.0
3378.0
3379.0
3365.0
3369.0
3355.0
3322.0
3326.0
3337.0
3346.0
3375.0
3290.0
3345.0
3345.0
3347.0
3355.0
3375.0
3383.0
3400.0
3327.0
3345.0
3368.0
3404.0
3388.0
3356.0
3345.0
3371.0
3347.0
3367.0
3284.0
3301.0
3299.0
3308.0
3343.0
3334.0
3366.0
3335.0
3315.0
3316.0
3323.0
3303.0
3348.0
3342.0
3355.0
3320.0
3355.0
3380.0
3355.0
3308.0
3318.0
3384.0
3346.0
3367.0
3369.0
3362.0
3369.0
3320.0
3305.0
3376.0
3379.0
3410.0
3413.0
3408.0
3387.0
3361.0
3328.0
3278.0
3325.0
3345.0
3342.0
3333.0
3318.0
3333.0
3341.0
3326.0
3343.0
3376.0
3386.0
3375.0
3377.0
3385.0
3392.0
3367.0
3306.0
3352.0
3346.0
3358.0
3327.0
3333.0
3377.0
3394.0
3372.0
3380.0
3392.0
3386.0
3348.0
3359.0
3341.0
3331.0
3348.0
3326.0
3351.0
3335.0
3306.0
3295.0
3310.0
3352.0
3344.0
3336.0
3372.0
3317.0
3308.0
3316.0
3309.0
3327.0
3348.0
3329.0
3335.0
3365.0
3348.0
3360.0
3318.0
3293.0
3340.0
3377.0
3298.0
3326.0
3334.0
3333.0
3368.0
3339.0
3316.0
3349.0
3329.0
3352.0
3376.0
3366.0
3374.0
3324.0
3311.0
3295.0
3290.0
3317.0
3314.0
3358.0
3325.0
3341.0
3320.0
3378.0
3344.0
3328.0
3359.0
3323.0
3291.0
3264.0
3309.0
3287.0
3331.0
3339.0
3344.0
3331.0
3315.0
3324.0
3356.0
3327.0
3304.0
3338.0
3327.0
3313.0
3304.0
3342.0
3317.0
3290.0
3284.0
3298.0
3305.0
3344.0
3332.0
3335.0
3346.0
3316.0
3345.0
3390.0
3305.0
3329.0
3332.0
3339.0
3309.0
3331.0
3323.0
3342.0
3337.0
3306.0
3323.0
3338.0
3366.0
3366.0
3345.0
3355.0
3383.0
3375.0
3337.0
3329.0
3293.0
3327.0
3353.0
3333.0
3331.0
3312.0
3265.0
3284.0
3277.0
3318.0
3325.0
3318.0
3316.0
3261.0
3260.0
3312.0
3305.0
3311.0
3278.0
3249.0
3272.0
3297.0
3338.0
3330.0
3336.0
3309.0
3302.0
3244.0
3240.0
3272.0
3264.0
3303.0
3298.0
3297.0
3286.0
3310.0
3331.0
3318.0
3275.0
3293.0
3302.0
3256.0
3307.0
3310.0
3293.0
3267.0
3231.0
3288.0
3296.0
3296.0
3327.0
3305.0
3294.0
3255.0
3284.0
3287.0
3282.0
3259.0
3280.0
3304.0
3323.0
3329.0
3312.0
3368.0
3307.0
3300.0
3326.0
3293.0
3335.0
3336.0
3331.0
3349.0
3332.0
3346.0
3319.0
3363.0
3347.0
3392.0
3381.0
3349.0
3313.0
3338.0
3350.0
3345.0
3309.0
3318.0
3339.0
3317.0
3282.0
3279.0
3296.0
3331.0
3303.0
3276.0
3292.0
3277.0
3341.0
3295.0
3260.0
3258.0
3223.0
3246.0
3249.0
3273.0
3288.0
3323.0
3257.0
3287.0
3303.0
3308.0
3300.0
3282.0
3307.0
3275.0
3285.0
3272.0
3294.0
3256.0
3289.0
3276.0
3279.0
3284.0
3315.0
3260.0
3248.0
3281.0
3276.0
3271.0
3255.0
3295.0
3263.0
3287.0
3236.0
3252.0
3237.0
3258.0
3286.0
3294.0
3258.0
3290.0
3274.0
3280.0
3326.0
3293.0
3296.0
3261.0
3271.0
3299.0
3285.0
3285.0
3285.0
3270.0
3289.0
3293.0
3315.0
3303.0
3287.0
3290.0
3274.0
3289.0
3281.0
3277.0
3289.0
3327.0
3324.0
3288.0
3279.0
3299.0
3280.0
3303.0
3327.0
3289.0
3275.0
3286.0
3306.0
3331.0
3336.0
3334.0
3306.0
3321.0
3342.0
3331.0
3314.0
3274.0
3274.0
3302.0
3329.0
3328.0
3310.0
3318.0
3286.0
3316.0
3333.0
3337.0
3282.0
3322.0
3308.0
3250.0
3261.0
3333.0
3350.0
3318.0
3303.0
3327.0
3332.0
3350.0
3340.0
3320.0
