1123.0
844.0
520.0
315.0
196.0
189.0
189.0
187.0
195.0
194.0
208.0
223.0
225.0
248.0
272.0
304.0
333.0
363.0
382.0
408.0
448.0
486.0
529.0
565.0
593.0
626.0
659.0
698.0
727.0
768.0
792.0
819.0
864.0
894.0
954.0
985.0
1042.0
1083.0
1146.0
1148.0
1189.0
1237.0
1308.0
1381.0
1372.0
1479.0
1489.0
1518.0
1569.0
1586.0
1683.0
1706.0
1748.0
1804.0
1829.0
1841.0
1872.0
1880.0
1890.0
1889.0
1923.0
1971.0
2003.0
1987.0
2016.0
2033.0
2033.0
2037.0
2085.0
2095.0
2109.0
2137.0
2161.0
2158.0
2185.0
2192.0
2208.0
2193.0
2204.0
2251.0
2253.0
2234.0
2282.0
2302.0
2305.0
2311.0
2302.0
2342.0
2298.0
2314.0
2294.0
2279.0
2286.0
2313.0
2321.0
2293.0
2315.0
2348.0
2345.0
2369.0
2365.0
2363.0
2361.0
2347.0
2377.0
2346.0
2428.0
2388.0
2399.0
2437.0
2414.0
2377.0
2411.0
2418.0
2464.0
2480.0
2443.0
2395.0
2415.0
2457.0
2478.0
2472.0
2471.0
2485.0
2474.0
2453.0
2454.0
2461.0
2435.0
2420.0
2402.0
2427.0
2412.0
2413.0
2428.0
2436.0
2427.0
2418.0
2431.0
2455.0
2416.0
2433.0
2475.0
2429.0
2449.0
2397.0
2397.0
2418.0
2412.0
2398.0
2420.0
2424.0
2415.0
2404.0
2402.0
2412.0
2415.0
2445.0
2459.0
2492.0
2484.0
2477.0
2456.0
2451.0
2442.0
2426.0
2431.0
2440.0
2432.0
2450.0
2479.0
2491.0
2494.0
2495.0
2494.0
2457.0
2484.0
2485.0
2499.0
2515.0
2529.0
2484.0
2503.0
2498.0
2508.0
2485.0
2499.0
2520.0
2481.0
2529.0
2530.0
2506.0
2526.0
2511.0
2529.0
2556.0
2579.0
2553.0
2525.0
2520.0
2522.0
2506.0
2447.0
2453.0
2427.0
2457.0
2470.0
2523.0
2501.0
2523.0
2479.0
2491.0
2499.0
2490.0
2487.0
2494.0
2528.0
2501.0
2473.0
2514.0
2453.0
2519.0
2519.0
2532.0
2544.0
2504.0
2523.0
2541.0
2598.0
2547.0
2566.0
2535.0
2579.0
2547.0
2495.0
2517.0
2515.0
2496.0
2491.0
2482.0
2523.0
2530.0
2521.0
2515.0
2513.0
2494.0
2485.0
2482.0
2469.0
2441.0
2462.0
2478.0
2508.0
2543.0
2600.0
2577.0
2574.0
2570.0
2567.0
2525.0
2571.0
2562.0
2529.0
2538.0
2520.0
2477.0
2505.0
2547.0
2545.0
2587.0
2540.0
2601.0
2610.0
2617.0
2592.0
2562.0
2592.0
2525.0
2549.0
2567.0
2582.0
2547.0
2577.0
2590.0
2552.0
2518.0
2529.0
2587.0
2576.0
2603.0
2606.0
2568.0
2544.0
2555.0
2563.0
2599.0
2654.0
2666.0
2625.0
2627.0
2604.0
2579.0
2581.0
2567.0
2614.0
2594.0
2579.0
2622.0
2606.0
2596.0
2606.0
2632.0
2622.0
2584.0
2611.0
2632.0
2634.0
2617.0
2583.0
2617.0
2618.0
2621.0
2609.0
2637.0
2638.0
2593.0
2643.0
2624.0
2608.0
2555.0
2550.0
2606.0
2594.0
2584.0
2572.0
2608.0
2630.0
2648.0
2639.0
2636.0
2623.0
2589.0
2572.0
2547.0
2611.0
2634.0
2648.0
2620.0
2637.0
2627.0
2607.0
2635.0
2628.0
2654.0
2651.0
2606.0
2630.0
2643.0
2605.0
2571.0
2589.0
2612.0
2653.0
2681.0
2628.0
2651.0
2614.0
2635.0
2662.0
2677.0
2639.0
2629.0
2620.0
2625.0
2630.0
2651.0
2643.0
2646.0
2606.0
2644.0
2643.0
2627.0
2669.0
2663.0
2642.0
2649.0
2638.0
2622.0
2667.0
2650.0
2642.0
2671.0
2683.0
2651.0
2677.0
2653.0
2710.0
2658.0
2644.0
2625.0
2599.0
2696.0
2690.0
2690.0
2673.0
2616.0
2651.0
2695.0
2664.0
2648.0
2659.0
2672.0
2709.0
2680.0
2678.0
2676.0
2670.0
2678.0
2677.0
2666.0
2645.0
2662.0
2648.0
2722.0
2715.0
2682.0
2732.0
2694.0
2651.0
2670.0
2670.0
2680.0
2677.0
2657.0
2677.0
2696.0
2681.0
2681.0
2657.0
2670.0
2671.0
2656.0
2651.0
2683.0
2698.0
2729.0
2694.0
2709.0
2677.0
2663.0
2658.0
2619.0
2657.0
2697.0
2715.0
2678.0
2687.0
2684.0
2676.0
2631.0
2627.0
2606.0
2622.0
2623.0
2617.0
2632.0
2606.0
2606.0
2631.0
2697.0
2714.0
2728.0
2653.0
2699.0
2689.0
2664.0
2656.0
2659.0
2688.0
2696.0
2681.0
2705.0
2668.0
2685.0
2695.0
2657.0
2682.0
2680.0
2680.0
2675.0
2720.0
2695.0
2681.0
2688.0
2644.0
2693.0
2684.0
2713.0
2692.0
2665.0
2663.0
2746.0
2746.0
2691.0
2680.0
2648.0
2661.0
2643.0
2702.0
2702.0
2678.0
2679.0
2680.0
2661.0
2657.0
2636.0
2663.0
2677.0
2651.0
2648.0
2651.0
2647.0
2690.0
2668.0
2632.0
2642.0
2678.0
2678.0
2675.0
2722.0
2711.0
2712.0
2686.0
2676.0
2678.0
2723.0
2717.0
2705.0
2693.0
2686.0
2716.0
2725.0
2733.0
2712.0
2757.0
2723.0
2726.0
2762.0
2795.0
2752.0
2741.0
2743.0
2734.0
2727.0
2732.0
2715.0
2694.0
2686.0
2740.0
2705.0
2740.0
2714.0
2738.0
2730.0
2685.0
2685.0
2664.0
2654.0
2681.0
2649.0
2659.0
2668.0
2658.0
2659.0
2681.0
2668.0
2672.0
2667.0
2682.0
2699.0
2694.0
2675.0
2650.0
2629.0
2695.0
2670.0
2670.0
2719.0
2734.0
2748.0
2731.0
2683.0
2687.0
2728.0
2720.0
2755.0
2714.0
2693.0
2730.0
2743.0
2711.0
2734.0
2712.0
2752.0
2718.0
2725.0
2739.0
2736.0
2694.0
2742.0
2697.0
2717.0
2681.0
