28.0
19.0
20.0
30.0
32.0
34.0
50.0
52.0
74.0
105.0
101.0
96.0
91.0
87.0
90.0
88.0
102.0
119.0
107.0
111.0
118.0
100.0
99.0
94.0
88.0
96.0
90.0
92.0
91.0
105.0
102.0
120.0
130.0
150.0
150.0
166.0
165.0
182.0
172.0
172.0
173.0
188.0
202.0
192.0
200.0
196.0
210.0
215.0
235.0
235.0
228.0
267.0
250.0
265.0
266.0
272.0
289.0
266.0
264.0
281.0
292.0
290.0
302.0
301.0
306.0
310.0
315.0
325.0
320.0
308.0
301.0
300.0
278.0
298.0
287.0
312.0
286.0
294.0
313.0
300.0
305.0
321.0
338.0
310.0
347.0
322.0
302.0
320.0
335.0
352.0
355.0
353.0
365.0
396.0
421.0
437.0
469.0
486.0
570.0
601.0
612.0
660.0
712.0
709.0
759.0
798.0
784.0
806.0
808.0
877.0
898.0
867.0
907.0
924.0
930.0
950.0
973.0
1017.0
1017.0
1004.0
1043.0
1067.0
1131.0
1182.0
1157.0
1203.0
1197.0
1200.0
1220.0
1251.0
1206.0
1221.0
1214.0
1224.0
1258.0
1288.0
1274.0
1339.0
1334.0
1444.0
1459.0
1473.0
1546.0
1639.0
1666.0
1795.0
1876.0
1867.0
1942.0
1928.0
1957.0
2016.0
2028.0
2078.0
2083.0
2124.0
2166.0
2182.0
2244.0
2219.0
2261.0
2269.0
2314.0
2330.0
2357.0
2359.0
2422.0
2392.0
2398.0
2407.0
2371.0
2352.0
2376.0
2352.0
2346.0
2385.0
2336.0
2378.0
2367.0
2404.0
2412.0
2419.0
2432.0
2441.0
2418.0
2429.0
2386.0
2426.0
2432.0
2460.0
2438.0
2391.0
2435.0
2435.0
2426.0
2457.0
2467.0
2414.0
2427.0
2459.0
2415.0
2476.0
2514.0
2551.0
2496.0
2539.0
2514.0
2455.0
2543.0
2491.0
2498.0
2501.0
2515.0
2516.0
2477.0
2486.0
2486.0
2493.0
2508.0
2511.0
2541.0
2511.0
2451.0
2486.0
2461.0
2527.0
2521.0
2526.0
2514.0
2500.0
2537.0
2500.0
2521.0
2499.0
2496.0
2554.0
2497.0
2475.0
2498.0
2486.0
2563.0
2495.0
2464.0
2497.0
2490.0
2547.0
2516.0
2544.0
2500.0
2515.0
2460.0
2501.0
2482.0
2527.0
2484.0
2511.0
2528.0
2490.0
2461.0
2489.0
2500.0
2508.0
2511.0
2580.0
2497.0
2497.0
2468.0
2512.0
2561.0
2561.0
2578.0
2553.0
2548.0
2536.0
2572.0
2533.0
2541.0
2515.0
2504.0
2568.0
2587.0
2547.0
2561.0
2505.0
2559.0
2499.0
2542.0
2499.0
2529.0
2540.0
2482.0
2533.0
2467.0
2487.0
2519.0
2502.0
2559.0
2506.0
2555.0
2520.0
2565.0
2631.0
2539.0
2526.0
2508.0
2470.0
2542.0
2529.0
2544.0
2567.0
2549.0
2538.0
2557.0
2538.0
2574.0
2558.0
2538.0
2546.0
2569.0
2550.0
2534.0
2562.0
2563.0
2589.0
2554.0
2532.0
2559.0
2524.0
2525.0
2512.0
2585.0
