336 -2 -2 8 336 -1 2 7 336 -1 -2 4 336 3 -1 11 336 -2 -1 4 0 1 2 25 0 -3 -2 22 0 2 -1 22 0 3 1 15 336 2 2 4 0 -1 3 43 0 -2 2 41 0 1 3 38 0 -2 3 15 336 -1 -1 5 336 -3 1 5 0 3 -2 24 0 -2 -3 39 0 2 -2 23 0 3 -1 32 0 -3 -1 19 0 3 -3 20 0 -3 3 40 38 3 2 5 0 -1 -2 39 0 3 3 9 0 -2 -2 27 0 -1 1 18 0 2 1 20 0 3 2 48 38 -1 1 7 137 -3 1 9 0 -2 -1 14 0 1 -1 18 38 2 -2 5 0 -2 1 21 0 -1 -3 23 137 -2 -3 5 0 1 -2 13 0 -1 2 19 137 2 -3 3 0 -1 -1 24 0 -3 -3 16 0 1 1 8 137 -1 -2 5 38 2 3 7 0 -3 1 9 137 2 1 3 137 1 3 4 0 -3 2 8 19 3 -3 4 0 1 -3 5 76 3 -1 4 19 -3 3 4 19 -2 -1 4 137 -2 -1 4 38 -3 2 4 19 -2 3 2 76 2 3 3 416 -2 2 4 76 -3 -3 3 76 -3 2 2 416 -1 -2 3 19 -3 2 2 38 3 -2 1 416 -3 -3 1 38 1 -3 1 19 2 -2 1 
336 -2 -2 11 336 -1 2 17 0 2 3 15 0 1 2 48 0 -3 -2 44 0 2 -1 45 0 3 1 29 336 2 2 7 0 -1 3 95 0 -2 2 84 0 1 3 80 0 -2 3 29 0 3 -2 46 0 -2 -3 81 0 2 -2 41 0 3 -1 55 0 -3 -1 50 38 3 2 11 0 -1 -2 84 0 3 3 23 0 -2 -2 53 0 -1 1 43 0 2 1 43 0 3 2 88 38 -1 1 19 137 -3 1 16 0 -2 -1 24 137 3 3 8 0 1 -1 38 38 2 -2 10 0 -2 1 47 0 -1 -3 50 0 1 -2 29 0 -1 2 36 0 -1 -1 52 0 -3 -3 23 38 -2 3 6 0 1 1 18 137 2 -2 9 38 2 3 9 0 -3 2 18 19 3 -3 11 0 1 -3 16 416 1 3 9 19 -3 3 10 19 -2 -1 9 137 -2 -1 9 38 -3 2 12 76 -1 -3 9 76 -3 -3 9 416 2 2 4 19 -1 -3 10 416 3 1 2 38 1 3 3 340 -1 3 4 55 -2 -2 2 348 3 -3 1 155 2 2 1 76 -1 1 1 205 -1 3 1 
0 1 2 81 0 -3 -2 54 0 2 -1 58 0 -1 3 124 0 -2 2 107 0 1 3 101 0 3 -2 55 0 -2 -3 98 0 2 -2 51 0 3 -1 73 0 -3 -1 64 0 -3 3 81 0 -1 -2 113 0 -2 -2 75 0 2 1 63 0 3 2 96 38 -1 1 25 137 -3 1 21 0 -2 -1 34 0 1 -1 59 0 -2 1 59 0 -1 2 44 137 2 -3 7 0 -1 -1 73 0 1 1 28 137 1 3 7 19 3 -3 17 0 1 -3 29 19 -3 3 15 19 -2 -1 14 137 -2 -1 14 38 3 -1 9 416 2 3 8 416 -2 2 19 425 -2 -3 3 76 -3 2 6 19 -1 -3 19 19 2 -2 7 155 -2 -1 5 340 3 -1 2 19 2 3 2 137 3 -2 2 348 3 -2 1 
336 -1 -2 14 0 2 -1 66 0 -1 3 131 0 -2 2 117 0 3 -2 66 0 3 -1 85 0 -3 -1 67 137 -1 -1 7 0 -1 1 67 0 2 1 77 0 3 2 101 38 -1 1 30 0 1 -1 81 0 -2 1 64 0 -1 -1 88 0 1 1 38 137 -3 3 9 38 1 -1 17 0 1 -3 36 19 -3 3 20 110 3 1 4 416 2 3 13 416 -2 2 25 416 -3 1 11 19 1 3 3 
0 3 1 44 0 -1 3 136 0 -2 3 39 336 -1 -1 20 0 3 -2 76 0 3 -1 90 137 -1 -1 9 0 -2 -2 98 0 -1 1 80 0 2 1 84 0 3 2 106 0 -2 1 72 0 1 -3 41 19 -3 3 26 155 -2 -1 10 416 -3 1 16 
336 2 2 16 0 -1 3 141 0 3 -2 86 0 3 -1 99 137 -1 -1 11 0 -2 -2 104 0 3 2 111 0 1 -3 46 19 -3 3 31 38 3 -1 19 416 -2 2 36 416 2 2 10 416 -3 1 21 425 -3 1 1 
336 -1 -2 24 0 -1 3 146 0 3 -2 98 0 2 -2 66 0 3 -1 103 137 -1 -1 13 0 -2 -2 109 0 2 1 95 0 3 2 116 137 2 1 4 19 -3 3 36 137 1 -1 3 
0 -1 3 151 0 -2 3 49 0 3 -2 108 137 -1 -1 15 0 -2 -2 114 0 2 1 100 0 3 2 121 19 -3 3 42 55 -1 2 2 
0 -1 3 156 0 3 -2 116 137 -1 -1 17 416 -2 3 7 0 -2 -2 119 0 -1 1 87 0 3 2 126 38 3 -1 29 416 -2 2 46 
336 -1 -2 34 336 -2 1 6 0 -1 3 161 0 3 -1 116 137 -1 -1 19 0 -1 1 95 0 2 1 111 0 3 2 131 416 -3 1 36 
0 -3 -2 61 0 -2 3 59 0 2 1 116 0 3 2 136 0 -1 2 53 38 1 1 11 416 -3 1 41 
0 -3 -2 66 0 3 -2 134 0 -2 -2 129 0 3 2 141 38 3 -1 39 416 -2 2 56 
336 -2 1 16 0 -3 -2 71 0 3 -2 139 0 2 1 127 0 3 2 146 
0 1 2 132 0 -3 -2 76 0 3 -2 144 0 3 2 151 76 2 1 16 38 1 1 21 
336 2 -3 59 0 -3 -2 81 0 3 2 156 137 -3 -1 5 38 1 1 24 416 -3 1 56 
0 -3 -2 86 0 -1 3 172 0 -2 -2 143 0 3 2 161 137 -3 -1 7 416 -3 1 61 
336 2 -3 66 0 -3 -2 91 0 -2 -2 148 0 3 2 166 420 -2 -1 6 
0 3 -2 167 0 3 2 171 38 2 -2 14 19 2 1 29 
0 -1 3 184 0 3 -2 172 0 3 2 176 38 2 -2 18 
336 2 -3 78 0 -3 -2 97 0 3 -2 178 0 3 2 181 
0 -1 3 191 0 3 2 186 137 2 2 8 416 -3 1 81 
0 3 2 191 38 2 -2 26 416 -3 1 86 137 1 -2 7 
336 2 -3 90 0 3 -2 195 0 3 2 196 
0 -1 3 203 0 3 -2 200 0 3 2 201 
336 2 -3 97 0 3 -2 205 0 3 2 206 
0 3 2 211 280 1 2 1 
0 3 2 216 
0 3 2 221 
0 3 2 226 
0 3 2 231 
0 3 2 236 
0 3 2 241 
0 3 2 246 
0 3 2 251 
0 3 2 256 
0 3 2 261 
0 3 2 266 
0 3 2 271 
0 3 2 276 
0 3 2 281 
0 3 2 286 
0 3 2 291 
0 3 2 296 
0 3 2 301 
0 3 2 306 
0 3 2 311 
0 3 2 316 
0 3 2 321 
0 3 2 326 
0 3 2 331 
0 3 2 336 
0 3 2 341 
0 3 2 346 
0 3 2 351 
0 3 2 356 
0 3 2 361 
0 3 2 366 
0 3 2 371 
0 3 2 376 
0 3 2 381 
0 3 2 386 
0 3 2 391 
0 3 2 396 
0 3 2 401 
0 3 2 406 
0 3 2 411 
0 3 2 416 
0 3 2 421 
0 3 2 426 
0 3 2 431 
0 3 2 436 
0 3 2 441 
0 3 2 446 
0 3 2 451 
0 3 2 456 
0 3 2 461 
0 3 2 466 
0 3 2 471 
0 3 2 476 
0 3 2 481 
0 3 2 486 
0 3 2 491 
0 3 2 496 
0 3 2 501 
0 3 2 506 
0 3 2 511 
0 3 2 516 
0 3 2 521 
0 3 2 526 
0 3 2 531 
0 3 2 536 
0 3 2 541 
0 3 2 546 
0 3 2 551 
0 3 2 556 
0 3 2 561 
0 3 2 566 
0 3 2 571 
0 3 2 576 
0 3 2 581 
0 3 2 586 
0 3 2 591 
0 3 2 596 
0 3 2 601 
0 3 2 606 
0 3 2 611 
0 3 2 616 
0 3 2 621 
0 3 2 626 
0 3 2 631 
0 3 2 636 
0 3 2 641 
0 3 2 646 
0 3 2 651 
0 3 2 656 
0 3 2 661 
0 3 2 666 
0 3 2 671 
0 3 2 676 
0 3 2 681 
0 3 2 686 
0 3 2 691 
0 3 2 696 
0 3 2 701 
0 3 2 706 
0 3 2 711 
0 3 2 716 
0 3 2 721 
0 3 2 726 
0 3 2 731 
0 3 2 736 
0 3 2 741 
0 3 2 746 
0 3 2 751 
0 3 2 756 
0 3 2 761 
0 3 2 766 
0 3 2 771 
0 3 2 776 
0 3 2 781 
0 3 2 786 
0 3 2 791 
0 3 2 796 
0 3 2 801 
0 3 2 806 
0 3 2 811 
0 3 2 816 
0 3 2 821 
0 3 2 826 
0 3 2 831 
0 3 2 836 
0 3 2 841 
0 3 2 846 
0 3 2 851 
0 3 2 856 
0 3 2 861 
0 3 2 866 
0 3 2 871 
0 3 2 876 
0 3 2 881 
0 3 2 886 
0 3 2 891 
0 3 2 896 
0 3 2 901 
0 3 2 906 
0 3 2 911 
0 3 2 916 
0 3 2 921 
0 3 2 926 
0 3 2 931 
0 3 2 936 
0 3 2 941 
0 3 2 946 
0 3 2 951 
0 3 2 956 
0 3 2 961 
0 3 2 966 
0 3 2 971 
0 3 2 976 
0 3 2 981 
0 3 2 986 
0 3 2 991 
0 3 2 996 
0 3 2 1001 
0 3 2 1006 
0 3 2 1011 
0 3 2 1016 
0 3 2 1021 
0 3 2 1026 
0 3 2 1031 
0 3 2 1036 
0 3 2 1041 
0 3 2 1046 
0 3 2 1051 
0 3 2 1056 
0 3 2 1061 
0 3 2 1066 
0 3 2 1071 
0 3 2 1076 
0 3 2 1081 
0 3 2 1086 
0 3 2 1091 
0 3 2 1096 
0 3 2 1101 
0 3 2 1106 
0 3 2 1111 
0 3 2 1116 
0 3 2 1121 
0 3 2 1126 
0 3 2 1131 
0 3 2 1136 
0 3 2 1141 
0 3 2 1146 
0 3 2 1151 
0 3 2 1156 
0 3 2 1161 
0 3 2 1166 
0 3 2 1171 
0 3 2 1176 
0 3 2 1181 
0 3 2 1186 
0 3 2 1191 
0 3 2 1196 
0 3 2 1201 
0 3 2 1206 
0 3 2 1211 
0 3 2 1216 
0 3 2 1221 
0 3 2 1226 
0 3 2 1231 
0 3 2 1236 
0 3 2 1241 
0 3 2 1246 
0 3 2 1251 
0 3 2 1256 
0 3 2 1261 
0 3 2 1266 
0 3 2 1271 
0 3 2 1276 
0 3 2 1281 
0 3 2 1286 
0 3 2 1291 
0 3 2 1296 
0 3 2 1301 
0 3 2 1306 
0 3 2 1311 
0 3 2 1316 
0 3 2 1321 
0 3 2 1326 
0 3 2 1331 
0 3 2 1336 
0 3 2 1341 
0 3 2 1346 
0 3 2 1351 
0 3 2 1356 
0 3 2 1361 
0 3 2 1366 
0 3 2 1371 
0 3 2 1376 
0 3 2 1381 
0 3 2 1386 
0 3 2 1391 
0 3 2 1396 
0 3 2 1401 
0 3 2 1406 
0 3 2 1411 
0 3 2 1416 
0 3 2 1421 
0 3 2 1426 
0 3 2 1431 
0 3 2 1436 
0 3 2 1441 
0 3 2 1446 
0 3 2 1451 
0 3 2 1456 
0 3 2 1461 
0 3 2 1466 
0 3 2 1471 
0 3 2 1476 
0 3 2 1481 
0 3 2 1486 
0 3 2 1491 
0 3 2 1496 
0 3 2 1501 
0 3 2 1506 
0 3 2 1511 
0 3 2 1516 
0 3 2 1521 
0 3 2 1526 
0 3 2 1531 
0 3 2 1536 
0 3 2 1541 
0 3 2 1546 
0 3 2 1551 
0 3 2 1556 
0 3 2 1561 
0 3 2 1566 
0 3 2 1571 
0 3 2 1576 
0 3 2 1581 
0 3 2 1586 
0 3 2 1591 
0 3 2 1596 
0 3 2 1601 
0 3 2 1606 
0 3 2 1611 
0 3 2 1616 
0 3 2 1621 
0 3 2 1626 
0 3 2 1631 
0 3 2 1636 
0 3 2 1641 
0 3 2 1646 
0 3 2 1651 
0 3 2 1656 
0 3 2 1661 
0 3 2 1666 
0 3 2 1671 
0 3 2 1676 
0 3 2 1681 
0 3 2 1686 
0 3 2 1691 
0 3 2 1696 
0 3 2 1701 
0 3 2 1706 
0 3 2 1711 
0 3 2 1716 
0 3 2 1721 
0 3 2 1726 
0 3 2 1731 
0 3 2 1736 
0 3 2 1741 
0 3 2 1746 
0 3 2 1751 
0 3 2 1756 
0 3 2 1761 
0 3 2 1766 
0 3 2 1771 
0 3 2 1776 
0 3 2 1781 
0 3 2 1786 
0 3 2 1791 
0 3 2 1796 
0 3 2 1801 
0 3 2 1806 
0 3 2 1811 
0 3 2 1816 
0 3 2 1821 
0 3 2 1826 
0 3 2 1831 
0 3 2 1836 
0 3 2 1841 
0 3 2 1846 
0 3 2 1851 
0 3 2 1856 
0 3 2 1861 
0 3 2 1866 
0 3 2 1871 
0 3 2 1876 
0 3 2 1881 
0 3 2 1886 
0 3 2 1891 
0 3 2 1896 
0 3 2 1901 
0 3 2 1906 
0 3 2 1911 
0 3 2 1916 
0 3 2 1921 
0 3 2 1926 
0 3 2 1931 
0 3 2 1936 
0 3 2 1941 
0 3 2 1946 
0 3 2 1951 
0 3 2 1956 
0 3 2 1961 
0 3 2 1966 
0 3 2 1971 
0 3 2 1976 
0 3 2 1981 
0 3 2 1986 
0 3 2 1991 
0 3 2 1996 
0 3 2 2001 
0 3 2 2006 
0 3 2 2011 
0 3 2 2016 
0 3 2 2021 
0 3 2 2026 
0 3 2 2031 
0 3 2 2036 
0 3 2 2041 
0 3 2 2046 
0 3 2 2051 
0 3 2 2056 
0 3 2 2061 
0 3 2 2066 
0 3 2 2071 
0 3 2 2076 
0 3 2 2081 
0 3 2 2086 
0 3 2 2091 
0 3 2 2096 
0 3 2 2101 
0 3 2 2106 
0 3 2 2111 
0 3 2 2116 
0 3 2 2121 
0 3 2 2126 
0 3 2 2131 
0 3 2 2136 
0 3 2 2141 
0 3 2 2146 
0 3 2 2151 
0 3 2 2156 
0 3 2 2161 
0 3 2 2166 
0 3 2 2171 
0 3 2 2176 
0 3 2 2181 
0 3 2 2186 
0 3 2 2191 
0 3 2 2196 
0 3 2 2201 
0 3 2 2206 
0 3 2 2211 
0 3 2 2216 
0 3 2 2221 
0 3 2 2226 
0 3 2 2231 
0 3 2 2236 
0 3 2 2241 
0 3 2 2246 
0 3 2 2251 
0 3 2 2256 
0 3 2 2261 
0 3 2 2266 
0 3 2 2271 
0 3 2 2276 
0 3 2 2281 
0 3 2 2286 
0 3 2 2291 
0 3 2 2296 
0 3 2 2301 
0 3 2 2306 
0 3 2 2311 
0 3 2 2316 
0 3 2 2321 
0 3 2 2326 
0 3 2 2331 
0 3 2 2336 
0 3 2 2341 
0 3 2 2346 
0 3 2 2351 
0 3 2 2356 
0 3 2 2361 
0 3 2 2366 
0 3 2 2371 
0 3 2 2376 
0 3 2 2381 
0 3 2 2386 
0 3 2 2391 
0 3 2 2396 
0 3 2 2401 
0 3 2 2406 
0 3 2 2411 
0 3 2 2416 
0 3 2 2421 
0 3 2 2426 
0 3 2 2431 
0 3 2 2436 
0 3 2 2441 
0 3 2 2446 
0 3 2 2451 
0 3 2 2456 
0 3 2 2461 
0 3 2 2466 
0 3 2 2471 
0 3 2 2476 
0 3 2 2481 
0 3 2 2486 
0 3 2 2491 
0 3 2 2496 
0 3 2 2501 
0 3 2 2506 
0 3 2 2511 
0 3 2 2516 
0 3 2 2521 
0 3 2 2526 
0 3 2 2531 
0 3 2 2536 
0 3 2 2541 
0 3 2 2546 
0 3 2 2551 
0 3 2 2556 
0 3 2 2561 
0 3 2 2566 
0 3 2 2571 
0 3 2 2576 
0 3 2 2581 
0 3 2 2586 
0 3 2 2591 
0 3 2 2596 
0 3 2 2601 
0 3 2 2606 
0 3 2 2611 
0 3 2 2616 
0 3 2 2621 
0 3 2 2626 
0 3 2 2631 
0 3 2 2636 
0 3 2 2641 
0 3 2 2646 
0 3 2 2651 
0 3 2 2656 
0 3 2 2661 
0 3 2 2666 
0 3 2 2671 
0 3 2 2676 
0 3 2 2681 
0 3 2 2686 
0 3 2 2691 
0 3 2 2696 
0 3 2 2701 
0 3 2 2706 
0 3 2 2711 
0 3 2 2716 
0 3 2 2721 
0 3 2 2726 
0 3 2 2731 
0 3 2 2736 
0 3 2 2741 
0 3 2 2746 
0 3 2 2751 
0 3 2 2756 
0 3 2 2761 
0 3 2 2766 
0 3 2 2771 
0 3 2 2776 
0 3 2 2781 
0 3 2 2786 
0 3 2 2791 
0 3 2 2796 
0 3 2 2801 
0 3 2 2806 
0 3 2 2811 
0 3 2 2816 
0 3 2 2821 
0 3 2 2826 
0 3 2 2831 
0 3 2 2836 
0 3 2 2841 
0 3 2 2846 
0 3 2 2851 
0 3 2 2856 
0 3 2 2861 
0 3 2 2866 
0 3 2 2871 
0 3 2 2876 
0 3 2 2881 
0 3 2 2886 
0 3 2 2891 
0 3 2 2896 
0 3 2 2901 
0 3 2 2906 
0 3 2 2911 
0 3 2 2916 
0 3 2 2921 
0 3 2 2926 
0 3 2 2931 
0 3 2 2936 
0 3 2 2941 
0 3 2 2946 
0 3 2 2951 
0 3 2 2956 
0 3 2 2961 
0 3 2 2966 
0 3 2 2971 
0 3 2 2976 
0 3 2 2981 
0 3 2 2986 
0 3 2 2991 
0 3 2 2996 
0 3 2 3001 
0 3 2 3006 
0 3 2 3011 
0 3 2 3016 
0 3 2 3021 
0 3 2 3026 
0 3 2 3031 
0 3 2 3036 
0 3 2 3041 
0 3 2 3046 
0 3 2 3051 
0 3 2 3056 
0 3 2 3061 
0 3 2 3066 
0 3 2 3071 
0 3 2 3076 
0 3 2 3081 
0 3 2 3086 
0 3 2 3091 
0 3 2 3096 
0 3 2 3101 
0 3 2 3106 
0 3 2 3111 
0 3 2 3116 
0 3 2 3121 
0 3 2 3126 
0 3 2 3131 
0 3 2 3136 
0 3 2 3141 
0 3 2 3146 
0 3 2 3151 
0 3 2 3156 
0 3 2 3161 
0 3 2 3166 
0 3 2 3171 
0 3 2 3176 
0 3 2 3181 
0 3 2 3186 
0 3 2 3191 
0 3 2 3196 
0 3 2 3201 
0 3 2 3206 
0 3 2 3211 
0 3 2 3216 
0 3 2 3221 
0 3 2 3226 
0 3 2 3231 
0 3 2 3236 
0 3 2 3241 
0 3 2 3246 
0 3 2 3251 
0 3 2 3256 
0 3 2 3261 
0 3 2 3266 
0 3 2 3271 
0 3 2 3276 
0 3 2 3281 
0 3 2 3286 
0 3 2 3291 
0 3 2 3296 
0 3 2 3301 
