336 -2 1 11 0 3 1 39 0 3 3 61 0 -3 1 33 0 -2 1 26 336 3 3 4 0 -3 -2 32 0 -2 -1 27 0 -1 -3 16 0 1 -2 18 0 -1 1 72 0 2 2 33 0 1 -1 33 0 -3 3 21 0 3 -3 13 0 2 -2 27 76 1 -2 4 38 2 -2 7 0 1 2 28 0 -2 2 21 0 -3 -3 13 0 1 -3 29 0 2 -1 5 0 -3 -1 35 0 -1 -2 18 0 -2 -2 4 76 -1 -2 3 0 3 -2 19 0 2 3 30 0 2 1 38 0 -1 3 12 0 3 2 21 76 -3 -1 6 38 3 -1 10 0 -3 2 9 38 -1 1 7 0 1 3 18 38 -1 -1 9 340 3 1 5 137 -1 -2 3 76 1 -3 5 137 -1 1 4 0 -2 3 10 0 2 -3 4 38 2 -3 3 416 3 3 3 137 3 2 2 19 3 1 2 38 -2 3 3 76 -1 1 2 76 -3 -3 2 416 1 3 2 76 -1 2 2 416 -2 2 1 137 -2 2 1 76 -3 1 1 19 3 2 1 55 1 2 1 55 1 3 1 425 -2 2 1 155 -3 -2 1 
336 3 1 9 336 -2 -1 3 0 3 1 84 0 3 3 110 0 -3 1 68 0 -2 1 55 0 -3 -2 64 0 -2 -1 54 0 1 -2 34 0 -1 1 161 0 2 2 62 0 1 -1 64 0 3 -3 40 0 2 -2 67 137 3 -2 5 76 1 -2 7 38 2 -2 14 38 2 -1 16 0 1 2 63 0 -2 2 44 0 -3 -3 27 0 1 -3 54 0 2 -1 11 0 -3 -1 80 0 -1 -2 33 0 -2 -2 12 0 3 -2 38 0 2 3 61 0 2 1 80 19 -2 -1 9 0 -1 3 20 0 3 2 44 76 -3 -1 11 38 3 -1 21 19 2 -2 4 19 -1 -3 6 0 -3 2 19 38 -1 1 17 0 1 3 41 38 -3 -3 11 340 3 1 10 0 2 -3 15 416 3 3 8 38 -2 3 9 76 -1 1 7 416 -1 3 2 76 3 2 3 205 -2 -3 2 19 2 -1 1 38 -2 -2 2 76 3 -1 1 422 -3 -1 1 448 -2 3 1 76 3 3 1 
0 3 3 118 0 -3 -2 81 0 -2 -1 72 0 -1 -3 34 0 1 -2 47 0 -1 1 235 0 2 2 77 0 1 -1 86 0 3 -3 47 0 2 -2 88 38 2 -1 23 0 1 2 78 38 -2 -1 9 0 1 -3 69 0 -3 -1 105 137 1 -2 12 0 -1 -2 42 0 2 3 69 0 2 1 115 76 -1 -3 5 38 3 -1 34 19 2 -2 9 38 -1 -1 27 76 1 -3 12 137 -1 1 11 368 -1 1 4 416 3 3 13 416 -3 2 3 76 -2 -3 5 76 -1 -1 5 19 -3 3 3 416 1 1 7 
336 -2 1 37 336 -1 2 14 336 2 -2 37 0 3 3 127 0 -3 1 86 0 -3 -2 89 0 1 -2 63 0 -1 1 281 0 1 -1 106 0 2 -2 92 38 2 -1 26 0 1 2 91 0 3 -1 8 38 -2 -1 14 0 -3 -3 52 0 1 -3 74 0 2 -1 19 137 1 -2 14 0 2 3 75 0 2 1 134 38 3 -1 44 19 2 -2 14 0 -1 -1 15 38 -1 -1 40 416 3 -1 10 137 -1 1 15 0 -2 3 23 416 1 -2 6 416 3 3 18 339 -1 2 3 110 -1 1 2 
336 -2 1 39 0 3 3 132 0 -3 -2 94 0 -1 1 313 0 1 -1 126 0 2 -2 95 0 1 2 101 38 -2 -1 19 0 1 -3 79 0 2 -1 23 0 -3 -1 107 0 2 3 85 0 2 1 141 0 -1 3 34 38 3 -1 49 19 2 -2 19 19 -1 -3 11 0 -1 -1 22 38 -1 -1 48 137 -1 1 19 155 1 2 8 76 -3 3 1 
336 2 2 12 0 3 3 137 0 -3 -2 99 0 -1 1 315 0 2 -2 99 38 2 -1 33 0 1 2 111 38 -2 -1 24 0 1 -3 90 0 2 1 145 0 -1 3 41 38 3 -1 54 19 -1 -3 15 38 -1 1 33 38 -1 -2 3 416 3 -1 15 0 2 -3 29 205 -2 -3 7 155 -2 -2 2 
0 -3 -2 104 0 -1 -3 43 0 2 -2 103 0 3 -1 12 38 -2 -1 29 0 1 -3 100 0 2 1 149 0 -1 3 55 19 -1 -3 18 416 3 -1 20 0 -2 3 33 338 -1 -1 2 368 3 2 7 0 1 1 3 
0 -3 -2 109 0 -1 1 321 38 2 -1 38 0 1 -3 110 0 2 1 153 0 1 3 56 137 -2 2 10 137 2 2 5 416 1 1 22 0 1 1 13 425 2 -3 1 
0 -3 -2 114 0 1 -3 121 0 2 -1 41 0 2 1 157 0 -3 2 38 137 -2 2 11 155 -3 -2 6 416 3 -2 3 76 3 -1 5 
0 -3 -2 119 0 2 2 94 0 2 -2 114 38 2 -1 43 0 1 -3 126 0 2 1 161 19 -1 -3 23 0 -3 2 43 
336 2 -3 5 336 1 -3 4 0 -3 -2 124 0 -1 1 328 0 2 -2 118 0 2 -1 51 0 -3 2 48 
336 2 -3 10 336 1 -3 9 0 -3 -2 129 0 2 -2 122 38 2 -1 48 416 3 -1 36 337 1 -1 1 
336 2 -3 15 336 1 -3 14 0 -3 -2 134 0 -1 1 337 0 2 -2 125 416 3 -1 41 
336 2 -3 20 0 -3 -2 139 0 -1 1 347 0 2 -2 129 0 1 3 80 416 3 -1 46 
336 2 -3 25 0 -3 -2 144 0 -1 1 357 0 2 -2 133 76 1 2 6 
336 2 -3 30 0 -3 -2 149 0 -3 2 72 137 -2 2 19 
336 2 -3 35 0 -3 -2 154 0 2 -2 140 0 -3 2 77 
336 2 -3 40 0 -3 -2 159 0 2 -2 144 0 -3 2 82 
336 2 -3 45 0 -3 -2 164 0 2 -2 148 416 3 -1 62 
336 2 -3 50 0 -3 -2 169 0 2 -2 151 416 3 -1 67 
336 2 -3 55 0 -3 -2 174 0 2 -2 155 0 -3 2 96 
336 2 -3 60 0 -3 -2 179 0 2 -2 159 0 -3 2 101 
336 2 -3 65 0 -3 -2 184 0 -3 2 106 137 -2 2 28 
336 2 -3 70 336 1 2 60 0 -3 -2 189 137 -2 2 29 
336 2 -3 75 0 -3 -2 194 0 2 -2 170 416 3 -1 83 
336 2 -3 80 0 -3 -2 199 0 2 -2 174 416 3 -1 88 
336 2 -3 85 0 -3 -2 204 0 2 -2 178 0 -3 2 125 
336 2 -3 90 0 -3 -2 209 0 2 -2 181 0 -3 2 130 
336 2 -3 95 0 -3 -2 214 0 2 -2 185 0 -3 2 135 
336 2 -3 100 0 -3 -2 219 0 2 -2 189 496 -3 -2 8 
336 2 -3 105 0 -3 -2 224 0 2 -2 194 416 3 -1 104 
336 2 -3 110 0 -3 -2 229 0 2 -2 199 416 3 -1 109 
336 2 -3 116 0 -3 -2 234 0 2 -2 208 336 -2 2 26 76 1 2 17 
336 2 -3 121 0 -3 -2 239 0 -3 2 159 336 -2 2 31 
336 2 -3 126 0 -3 -2 244 0 -3 2 164 336 -2 2 36 
336 2 -3 131 0 -3 -2 249 0 -3 2 169 336 -2 2 41 
336 2 -3 136 0 -3 -2 254 0 -3 2 177 336 -2 2 46 
336 2 -3 141 0 -3 -2 259 336 -2 2 51 
336 2 -3 146 0 -3 -2 264 38 -2 1 46 336 -2 2 56 
336 2 -3 151 0 -3 -2 269 336 -2 2 61 
336 2 -3 156 0 -3 -2 274 336 -2 2 66 
336 2 -3 161 0 -3 -2 279 336 -2 2 69 
336 2 -3 166 0 -3 -2 284 336 -2 2 74 
336 2 -3 171 0 -3 -2 289 336 -2 2 79 
336 2 -3 176 0 -3 -2 294 336 -2 2 84 
336 2 -3 181 0 -3 -2 299 336 -2 2 89 
336 2 -3 186 0 -3 -2 304 336 -2 2 94 
336 2 -3 191 0 -3 -2 309 336 -2 2 99 
336 2 -3 196 0 -3 -2 314 336 -2 2 104 
336 2 -3 201 0 -3 -2 319 336 -2 2 109 
336 2 -3 206 0 3 1 112 0 -3 -2 324 368 3 2 22 
336 2 -3 211 0 -3 -2 329 368 3 2 24 
336 2 -3 216 0 -3 -2 334 368 3 2 26 
336 2 -3 221 0 -3 -2 339 368 3 2 28 
336 2 -3 226 0 -3 -2 344 368 3 2 30 
336 2 -3 231 0 -3 -2 349 368 3 2 31 
336 2 -3 236 0 -3 -2 354 368 3 2 33 
336 2 -3 241 0 -3 -2 359 368 3 2 35 
336 2 -3 246 0 -3 -2 364 368 3 2 37 
336 2 -3 251 0 -3 -2 369 368 3 2 39 
336 2 -3 256 0 -3 -2 374 
336 2 -3 261 0 -3 -2 379 
336 2 -3 266 0 -3 -2 384 
336 2 -3 271 0 -3 -2 389 
336 2 -3 276 0 -3 -2 394 
336 2 -3 281 0 -3 -2 399 
336 2 -3 286 0 -3 -2 404 
336 2 -3 291 0 -3 -2 409 
336 2 -3 296 0 -3 -2 414 
336 2 -3 301 0 -3 -2 419 
336 2 -3 306 0 -3 -2 424 
336 2 -3 311 0 -3 -2 429 
336 2 -3 316 0 -3 -2 434 
336 2 -3 321 0 -3 -2 439 
336 2 -3 326 0 -3 -2 444 
336 2 -3 331 0 -3 -2 449 
336 2 -3 336 0 -3 -2 454 
336 2 -3 341 0 -3 -2 459 
336 2 -3 346 0 -3 -2 464 
336 2 -3 351 0 -3 -2 469 
336 2 -3 356 0 -3 -2 474 
336 2 -3 361 0 -3 -2 479 
336 2 -3 366 0 -3 -2 484 
336 2 -3 371 0 -3 -2 489 
336 2 -3 376 0 -3 -2 494 
336 2 -3 381 0 -3 -2 499 
336 2 -3 386 0 -3 -2 504 
336 2 -3 391 0 -3 -2 509 
336 2 -3 396 0 -3 -2 514 
336 2 -3 401 0 -3 -2 519 
336 2 -3 406 0 -3 -2 524 
336 2 -3 411 0 -3 -2 529 
336 2 -3 416 0 -3 -2 534 
336 2 -3 421 0 -3 -2 539 
336 2 -3 426 0 -3 -2 544 
336 2 -3 431 0 -3 -2 549 
336 2 -3 436 0 -3 -2 554 
336 2 -3 441 0 -3 -2 559 
336 2 -3 446 0 -3 -2 564 
336 2 -3 451 0 -3 -2 569 
336 2 -3 456 0 -3 -2 574 
336 2 -3 461 0 -3 -2 579 
336 2 -3 466 0 -3 -2 584 
336 2 -3 471 0 -3 -2 589 
336 2 -3 476 0 -3 -2 594 
336 2 -3 481 0 -3 -2 599 
336 2 -3 486 0 -3 -2 604 
336 2 -3 491 0 -3 -2 609 
336 2 -3 496 0 -3 -2 614 
336 2 -3 501 0 -3 -2 619 
336 2 -3 506 0 -3 -2 624 
336 2 -3 511 0 -3 -2 629 
336 2 -3 516 0 -3 -2 634 
336 2 -3 521 0 -3 -2 639 
336 2 -3 526 0 -3 -2 644 
336 2 -3 531 0 -3 -2 649 
336 2 -3 536 0 -3 -2 654 
336 2 -3 541 0 -3 -2 659 
336 2 -3 546 0 -3 -2 664 
336 2 -3 551 0 -3 -2 669 
336 2 -3 556 0 -3 -2 674 
336 2 -3 561 0 -3 -2 679 
336 2 -3 566 0 -3 -2 684 
336 2 -3 571 0 -3 -2 689 
336 2 -3 576 0 -3 -2 694 
336 2 -3 581 0 -3 -2 699 
336 2 -3 586 0 -3 -2 704 
336 2 -3 591 0 -3 -2 709 
336 2 -3 596 0 -3 -2 714 
336 2 -3 601 0 -3 -2 719 
336 2 -3 606 0 -3 -2 724 
336 2 -3 611 0 -3 -2 729 
336 2 -3 616 0 -3 -2 734 
336 2 -3 621 0 -3 -2 739 
336 2 -3 626 0 -3 -2 744 
336 2 -3 631 0 -3 -2 749 
336 2 -3 636 0 -3 -2 754 
336 2 -3 641 0 -3 -2 759 
336 2 -3 646 0 -3 -2 764 
336 2 -3 651 0 -3 -2 769 
336 2 -3 656 0 -3 -2 774 
336 2 -3 661 0 -3 -2 779 
336 2 -3 666 0 -3 -2 784 
336 2 -3 671 0 -3 -2 789 
336 2 -3 676 0 -3 -2 794 
336 2 -3 681 0 -3 -2 799 
336 2 -3 686 0 -3 -2 804 
336 2 -3 691 0 -3 -2 809 
336 2 -3 696 0 -3 -2 814 
336 2 -3 701 0 -3 -2 819 
336 2 -3 706 0 -3 -2 824 
336 2 -3 711 0 -3 -2 829 
336 2 -3 716 0 -3 -2 834 
336 2 -3 721 0 -3 -2 839 
336 2 -3 726 0 -3 -2 844 
336 2 -3 731 0 -3 -2 849 
336 2 -3 736 0 -3 -2 854 
336 2 -3 741 0 -3 -2 859 
336 2 -3 746 0 -3 -2 864 
336 2 -3 751 0 -3 -2 869 
336 2 -3 756 0 -3 -2 874 
336 2 -3 761 0 -3 -2 879 
336 2 -3 766 0 -3 -2 884 
336 2 -3 771 0 -3 -2 889 
336 2 -3 776 0 -3 -2 894 
336 2 -3 781 0 -3 -2 899 
336 2 -3 786 0 -3 -2 904 
336 2 -3 791 0 -3 -2 909 
336 2 -3 796 0 -3 -2 914 
336 2 -3 801 0 -3 -2 919 
336 2 -3 806 0 -3 -2 924 
336 2 -3 811 0 -3 -2 929 
336 2 -3 816 0 -3 -2 934 
336 2 -3 821 0 -3 -2 939 
336 2 -3 826 0 -3 -2 944 
336 2 -3 831 0 -3 -2 949 
336 2 -3 836 0 -3 -2 954 
336 2 -3 841 0 -3 -2 959 
336 2 -3 846 0 -3 -2 964 
336 2 -3 851 0 -3 -2 969 
336 2 -3 856 0 -3 -2 974 
336 2 -3 861 0 -3 -2 979 
336 2 -3 866 0 -3 -2 984 
336 2 -3 871 0 -3 -2 989 
336 2 -3 876 0 -3 -2 994 
336 2 -3 881 0 -3 -2 999 
336 2 -3 886 0 -3 -2 1004 
336 2 -3 891 0 -3 -2 1009 
336 2 -3 896 0 -3 -2 1014 
336 2 -3 901 0 -3 -2 1019 
336 2 -3 906 0 -3 -2 1024 
336 2 -3 911 0 -3 -2 1029 
336 2 -3 916 0 -3 -2 1034 
336 2 -3 921 0 -3 -2 1039 
336 2 -3 926 0 -3 -2 1044 
336 2 -3 931 0 -3 -2 1049 
336 2 -3 936 0 -3 -2 1054 
336 2 -3 941 0 -3 -2 1059 
336 2 -3 946 0 -3 -2 1064 
336 2 -3 951 0 -3 -2 1069 
336 2 -3 956 0 -3 -2 1074 
336 2 -3 961 0 -3 -2 1079 
336 2 -3 966 0 -3 -2 1084 
336 2 -3 971 0 -3 -2 1089 
336 2 -3 976 0 -3 -2 1094 
336 2 -3 981 0 -3 -2 1099 
336 2 -3 986 0 -3 -2 1104 
336 2 -3 991 0 -3 -2 1109 
336 2 -3 996 0 -3 -2 1114 
336 2 -3 1001 0 -3 -2 1119 
336 2 -3 1006 0 -3 -2 1124 
336 2 -3 1011 0 -3 -2 1129 
336 2 -3 1016 0 -3 -2 1134 
336 2 -3 1021 0 -3 -2 1139 
336 2 -3 1026 0 -3 -2 1144 
336 2 -3 1031 0 -3 -2 1149 
336 2 -3 1036 0 -3 -2 1154 
336 2 -3 1041 0 -3 -2 1159 
336 2 -3 1046 0 -3 -2 1164 
336 2 -3 1051 0 -3 -2 1169 
336 2 -3 1056 0 -3 -2 1174 
336 2 -3 1061 0 -3 -2 1179 
336 2 -3 1066 0 -3 -2 1184 
336 2 -3 1071 0 -3 -2 1189 
336 2 -3 1076 0 -3 -2 1194 
336 2 -3 1081 0 -3 -2 1199 
336 2 -3 1086 0 -3 -2 1204 
336 2 -3 1091 0 -3 -2 1209 
336 2 -3 1096 0 -3 -2 1214 
336 2 -3 1101 0 -3 -2 1219 
336 2 -3 1106 0 -3 -2 1224 
336 2 -3 1111 0 -3 -2 1229 
336 2 -3 1116 0 -3 -2 1234 
336 2 -3 1121 0 -3 -2 1239 
336 2 -3 1126 0 -3 -2 1244 
336 2 -3 1131 0 -3 -2 1249 
336 2 -3 1136 0 -3 -2 1254 
336 2 -3 1141 0 -3 -2 1259 
336 2 -3 1146 0 -3 -2 1264 
336 2 -3 1151 0 -3 -2 1269 
336 2 -3 1156 0 -3 -2 1274 
336 2 -3 1161 0 -3 -2 1279 
336 2 -3 1166 0 -3 -2 1284 
336 2 -3 1171 0 -3 -2 1289 
336 2 -3 1176 0 -3 -2 1294 
336 2 -3 1181 0 -3 -2 1299 
336 2 -3 1186 0 -3 -2 1304 
336 2 -3 1191 0 -3 -2 1309 
336 2 -3 1196 0 -3 -2 1314 
336 2 -3 1201 0 -3 -2 1319 
336 2 -3 1206 0 -3 -2 1324 
