100.0
80.0
46.0
25.0
9.0
9.0
8.0
8.0
8.0
8.0
10.0
8.0
9.0
11.0
9.0
12.0
11.0
9.0
8.0
7.0
8.0
10.0
8.0
10.0
10.0
12.0
10.0
14.0
15.0
20.0
22.0
23.0
27.0
26.0
25.0
28.0
35.0
39.0
43.0
36.0
42.0
38.0
35.0
36.0
40.0
42.0
53.0
58.0
61.0
60.0
58.0
59.0
65.0
68.0
68.0
78.0
72.0
75.0
72.0
75.0
76.0
79.0
92.0
92.0
95.0
92.0
89.0
90.0
96.0
101.0
107.0
107.0
106.0
115.0
113.0
123.0
109.0
117.0
113.0
122.0
117.0
134.0
131.0
139.0
136.0
127.0
117.0
123.0
111.0
113.0
116.0
118.0
114.0
123.0
134.0
140.0
136.0
140.0
150.0
156.0
172.0
177.0
187.0
197.0
185.0
198.0
174.0
175.0
158.0
158.0
147.0
146.0
141.0
145.0
123.0
143.0
143.0
146.0
147.0
146.0
152.0
164.0
149.0
169.0
151.0
168.0
160.0
170.0
175.0
170.0
171.0
158.0
159.0
164.0
164.0
162.0
166.0
165.0
154.0
153.0
150.0
158.0
146.0
149.0
138.0
142.0
129.0
133.0
137.0
137.0
148.0
153.0
163.0
153.0
172.0
176.0
181.0
189.0
197.0
197.0
199.0
192.0
205.0
188.0
186.0
177.0
173.0
178.0
175.0
182.0
180.0
180.0
176.0
174.0
176.0
163.0
177.0
176.0
169.0
170.0
163.0
175.0
178.0
181.0
183.0
189.0
182.0
192.0
190.0
200.0
205.0
219.0
218.0
216.0
205.0
220.0
207.0
219.0
203.0
209.0
188.0
219.0
198.0
185.0
189.0
195.0
201.0
197.0
198.0
201.0
206.0
205.0
205.0
191.0
191.0
199.0
200.0
193.0
211.0
223.0
240.0
231.0
256.0
253.0
261.0
265.0
265.0
288.0
315.0
308.0
314.0
320.0
312.0
308.0
318.0
329.0
316.0
331.0
319.0
310.0
322.0
306.0
311.0
311.0
317.0
304.0
311.0
311.0
337.0
348.0
343.0
335.0
341.0
334.0
348.0
352.0
355.0
335.0
350.0
355.0
356.0
361.0
356.0
373.0
361.0
380.0
381.0
356.0
382.0
383.0
382.0
385.0
385.0
375.0
370.0
368.0
386.0
394.0
383.0
386.0
403.0
417.0
426.0
434.0
419.0
428.0
432.0
434.0
410.0
424.0
420.0
417.0
416.0
399.0
395.0
376.0
386.0
403.0
411.0
403.0
406.0
414.0
411.0
396.0
382.0
392.0
406.0
420.0
417.0
418.0
444.0
434.0
445.0
435.0
451.0
446.0
442.0
437.0
432.0
416.0
441.0
444.0
435.0
462.0
464.0
454.0
473.0
487.0
480.0
496.0
518.0
515.0
506.0
515.0
505.0
497.0
501.0
502.0
520.0
520.0
537.0
510.0
506.0
488.0
484.0
493.0
485.0
481.0
480.0
478.0
486.0
453.0
441.0
426.0
423.0
440.0
442.0
440.0
461.0
452.0
459.0
478.0
483.0
498.0
493.0
506.0
516.0
508.0
528.0
501.0
498.0
485.0
478.0
466.0
469.0
467.0
469.0
457.0
437.0
433.0
427.0
422.0
420.0
422.0
411.0
424.0
441.0
447.0
445.0
472.0
454.0
445.0
456.0
448.0
466.0
463.0
460.0
436.0
472.0
480.0
482.0
479.0
476.0
485.0
467.0
478.0
481.0
494.0
476.0
480.0
472.0
464.0
455.0
478.0
439.0
469.0
468.0
452.0
453.0
437.0
419.0
434.0
452.0
464.0
481.0
475.0
483.0
477.0
488.0
499.0
482.0
502.0
493.0
506.0
490.0
517.0
513.0
513.0
492.0
487.0
484.0
494.0
495.0
499.0
498.0
488.0
499.0
484.0
481.0
482.0
470.0
476.0
460.0
456.0
459.0
492.0
463.0
460.0
448.0
480.0
453.0
449.0
446.0
472.0
489.0
501.0
499.0
521.0
525.0
506.0
511.0
514.0
495.0
472.0
445.0
440.0
439.0
422.0
438.0
430.0
447.0
434.0
424.0
401.0
414.0
402.0
428.0
416.0
413.0
419.0
424.0
423.0
398.0
406.0
410.0
406.0
383.0
414.0
398.0
421.0
401.0
405.0
424.0
421.0
418.0
412.0
437.0
430.0
446.0
465.0
481.0
474.0
462.0
453.0
474.0
466.0
467.0
471.0
460.0
465.0
443.0
448.0
467.0
452.0
469.0
461.0
463.0
457.0
461.0
475.0
482.0
457.0
457.0
439.0
475.0
480.0
504.0
476.0
492.0
492.0
505.0
511.0
527.0
509.0
492.0
491.0
499.0
491.0
490.0
482.0
454.0
424.0
417.0
415.0
410.0
399.0
432.0
429.0
447.0
474.0
477.0
480.0
474.0
459.0
462.0
479.0
475.0
486.0
481.0
481.0
460.0
435.0
444.0
461.0
473.0
470.0
485.0
472.0
471.0
469.0
466.0
437.0
462.0
453.0
471.0
469.0
479.0
455.0
470.0
468.0
491.0
485.0
481.0
479.0
457.0
434.0
466.0
453.0
434.0
447.0
452.0
442.0
456.0
457.0
482.0
476.0
477.0
465.0
462.0
461.0
461.0
448.0
468.0
475.0
493.0
497.0
501.0
504.0
497.0
497.0
498.0
494.0
483.0
481.0
484.0
456.0
461.0
436.0
434.0
401.0
377.0
406.0
390.0
411.0
399.0
371.0
391.0
374.0
388.0
378.0
404.0
394.0
414.0
412.0
428.0
429.0
428.0
405.0
390.0
399.0
392.0
394.0
374.0
384.0
390.0
393.0
374.0
377.0
359.0
359.0
376.0
376.0
381.0
397.0
406.0
411.0
419.0
434.0
433.0
430.0
437.0
414.0
430.0
415.0
405.0
405.0
427.0
417.0
431.0
409.0
411.0
433.0
439.0
470.0
460.0
469.0
448.0
437.0
445.0
466.0
475.0
448.0
477.0
478.0
495.0
510.0
483.0
474.0
475.0
468.0
437.0
420.0
421.0
386.0
413.0
409.0
431.0
420.0
418.0
427.0
440.0
431.0
409.0
406.0
399.0
399.0
403.0
416.0
420.0
422.0
420.0
411.0
417.0
425.0
419.0
403.0
398.0
409.0
409.0
441.0
426.0
425.0
400.0
389.0
379.0
376.0
383.0
413.0
394.0
384.0
411.0
363.0
391.0
381.0
409.0
393.0
409.0
382.0
408.0
386.0
415.0
433.0
452.0
441.0
448.0
462.0
486.0
487.0
488.0
481.0
497.0
483.0
483.0
488.0
479.0
476.0
472.0
479.0
487.0
491.0
501.0
495.0
481.0
475.0
489.0
473.0
482.0
490.0
527.0
529.0
522.0
520.0
518.0
510.0
504.0
512.0
530.0
495.0
523.0
517.0
493.0
491.0
505.0
501.0
493.0
509.0
504.0
532.0
497.0
520.0
488.0
525.0
517.0
526.0
535.0
559.0
540.0
572.0
545.0
526.0
532.0
557.0
575.0
570.0
562.0
554.0
558.0
538.0
521.0
516.0
523.0
501.0
500.0
480.0
503.0
533.0
530.0
523.0
534.0
577.0
566.0
566.0
591.0
590.0
612.0
607.0
587.0
564.0
563.0
570.0
552.0
560.0
571.0
560.0
547.0
559.0
566.0
570.0
544.0
519.0
484.0
488.0
467.0
471.0
467.0
469.0
466.0
490.0
494.0
502.0
500.0
515.0
486.0
504.0
501.0
474.0
456.0
444.0
448.0
456.0
459.0
447.0
448.0
448.0
448.0
456.0
456.0
441.0
449.0
438.0
419.0
422.0
437.0
433.0
453.0
467.0
481.0
463.0
461.0
445.0
436.0
441.0
462.0
462.0
485.0
456.0
440.0
430.0
437.0
435.0
470.0
459.0
479.0
463.0
465.0
444.0
466.0
456.0
456.0
481.0
477.0
480.0
462.0
480.0
481.0
468.0
430.0
460.0
451.0
449.0
465.0
465.0
479.0
483.0
481.0
497.0
480.0
497.0
492.0
516.0
524.0
542.0
533.0
536.0
531.0
526.0
487.0
500.0
498.0
474.0
485.0
483.0
519.0
524.0
526.0
533.0
543.0
535.0
539.0
545.0
550.0
548.0
565.0
572.0
550.0
548.0
550.0
534.0
531.0
523.0
517.0
528.0
518.0
530.0
509.0
500.0
523.0
520.0
517.0
518.0
521.0
517.0
521.0
527.0
523.0
507.0
513.0
499.0
487.0
527.0
504.0
521.0
486.0
477.0
453.0
439.0
450.0
443.0
467.0
455.0
461.0
452.0
433.0
446.0
443.0
459.0
460.0
474.0
493.0
470.0
465.0
485.0
487.0
511.0
514.0
540.0
546.0
538.0
540.0
547.0
522.0
537.0
519.0
509.0
509.0
496.0
482.0
491.0
462.0
494.0
471.0
497.0
505.0
528.0
510.0
496.0
477.0
493.0
492.0
512.0
484.0
485.0
510.0
529.0
508.0
505.0
504.0
507.0
506.0
516.0
494.0
495.0
492.0
467.0
489.0
476.0
467.0
430.0
459.0
443.0
450.0
479.0
487.0
494.0
494.0
506.0
523.0
517.0
519.0
525.0
504.0
501.0
504.0
494.0
480.0
474.0
458.0
446.0
461.0
466.0
473.0
484.0
457.0
463.0
430.0
426.0
432.0
439.0
443.0
465.0
490.0
496.0
497.0
496.0
493.0
492.0
499.0
506.0
519.0
516.0
528.0
520.0
544.0
552.0
562.0
559.0
571.0
554.0
533.0
531.0
524.0
518.0
522.0
530.0
551.0
561.0
554.0
547.0
543.0
516.0
519.0
509.0
492.0
491.0
491.0
488.0
479.0
500.0
502.0
497.0
478.0
495.0
491.0
493.0
511.0
522.0
535.0
571.0
542.0
534.0
497.0
517.0
500.0
497.0
520.0
522.0
522.0
515.0
515.0
536.0
510.0
516.0
514.0
531.0
494.0
500.0
484.0
493.0
501.0
493.0
505.0
498.0
512.0
496.0
514.0
490.0
488.0
489.0
482.0
493.0
488.0
481.0
482.0
496.0
493.0
475.0
483.0
465.0
474.0
478.0
458.0
466.0
453.0
466.0
462.0
449.0
444.0
435.0
446.0
450.0
463.0
462.0
475.0
479.0
498.0
491.0
497.0
498.0
498.0
480.0
488.0
496.0
492.0
501.0
518.0
511.0
512.0
509.0
508.0
508.0
508.0
532.0
506.0
541.0
509.0
533.0
513.0
533.0
525.0
509.0
512.0
519.0
501.0
487.0
486.0
476.0
476.0
455.0
443.0
446.0
480.0
480.0
473.0
484.0
494.0
484.0
463.0
472.0
470.0
476.0
455.0
461.0
490.0
469.0
448.0
438.0
450.0
436.0
449.0
449.0
466.0
466.0
468.0
463.0
466.0
501.0
509.0
523.0
530.0
515.0
497.0
500.0
499.0
511.0
496.0
486.0
498.0
497.0
503.0
482.0
494.0
474.0
483.0
502.0
495.0
491.0
482.0
477.0
475.0
504.0
491.0
514.0
539.0
549.0
533.0
552.0
537.0
549.0
554.0
548.0
515.0
524.0
522.0
515.0
496.0
469.0
446.0
463.0
468.0
471.0
494.0
503.0
511.0
492.0
485.0
442.0
440.0
465.0
470.0
471.0
482.0
496.0
505.0
497.0
520.0
499.0
491.0
478.0
454.0
451.0
456.0
463.0
459.0
458.0
479.0
496.0
478.0
473.0
463.0
467.0
455.0
461.0
470.0
476.0
476.0
501.0
466.0
463.0
471.0
480.0
467.0
483.0
471.0
484.0
491.0
499.0
496.0
500.0
525.0
507.0
515.0
521.0
525.0
523.0
520.0
517.0
490.0
505.0
491.0
493.0
487.0
495.0
509.0
521.0
511.0
516.0
504.0
515.0
508.0
499.0
495.0
498.0
469.0
471.0
460.0
444.0
445.0
452.0
453.0
455.0
443.0
460.0
449.0
473.0
482.0
463.0
456.0
459.0
467.0
465.0
483.0
489.0
499.0
491.0
500.0
514.0
522.0
538.0
544.0
543.0
545.0
560.0
574.0
560.0
552.0
543.0
539.0
525.0
488.0
484.0
504.0
517.0
507.0
536.0
529.0
528.0
512.0
541.0
529.0
529.0
519.0
506.0
492.0
500.0
514.0
533.0
542.0
552.0
550.0
531.0
520.0
484.0
518.0
521.0
530.0
528.0
522.0
504.0
513.0
503.0
523.0
528.0
533.0
538.0
533.0
563.0
557.0
585.0
600.0
588.0
571.0
573.0
552.0
542.0
495.0
500.0
506.0
515.0
521.0
537.0
528.0
546.0
534.0
529.0
528.0
526.0
513.0
541.0
533.0
537.0
543.0
549.0
555.0
546.0
554.0
540.0
529.0
511.0
531.0
554.0
553.0
553.0
543.0
537.0
523.0
544.0
542.0
547.0
562.0
556.0
575.0
577.0
559.0
550.0
546.0
556.0
525.0
528.0
542.0
556.0
524.0
507.0
527.0
529.0
541.0
547.0
548.0
545.0
547.0
545.0
538.0
575.0
577.0
551.0
543.0
557.0
533.0
517.0
496.0
507.0
513.0
526.0
539.0
520.0
528.0
529.0
546.0
566.0
571.0
544.0
561.0
533.0
532.0
515.0
536.0
526.0
497.0
518.0
515.0
524.0
520.0
535.0
520.0
547.0
526.0
501.0
506.0
534.0
512.0
516.0
513.0
536.0
523.0
535.0
534.0
574.0
559.0
567.0
553.0
579.0
558.0
556.0
542.0
559.0
540.0
522.0
522.0
512.0
490.0
522.0
520.0
507.0
520.0
524.0
524.0
526.0
532.0
526.0
525.0
522.0
496.0
484.0
498.0
515.0
521.0
523.0
518.0
522.0
542.0
522.0
515.0
509.0
488.0
483.0
464.0
455.0
455.0
451.0
455.0
449.0
479.0
463.0
463.0
472.0
492.0
488.0
472.0
479.0
492.0
483.0
524.0
500.0
515.0
507.0
511.0
519.0
542.0
543.0
532.0
539.0
512.0
523.0
517.0
494.0
471.0
472.0
462.0
472.0
459.0
466.0
473.0
446.0
450.0
420.0
441.0
420.0
433.0
445.0
452.0
464.0
456.0
471.0
492.0
515.0
520.0
541.0
551.0
532.0
535.0
516.0
512.0
516.0
528.0
503.0
492.0
485.0
502.0
513.0
515.0
509.0
499.0
513.0
496.0
531.0
516.0
512.0
525.0
526.0
532.0
511.0
533.0
518.0
531.0
532.0
515.0
515.0
484.0
487.0
493.0
474.0
493.0
496.0
503.0
493.0
498.0
483.0
480.0
455.0
436.0
429.0
460.0
470.0
467.0
442.0
437.0
401.0
419.0
401.0
423.0
409.0
405.0
402.0
425.0
413.0
445.0
458.0
450.0
444.0
440.0
452.0
462.0
446.0
455.0
445.0
475.0
482.0
465.0
472.0
442.0
469.0
482.0
505.0
483.0
495.0
472.0
466.0
432.0
428.0
431.0
429.0
429.0
421.0
438.0
424.0
392.0
389.0
387.0
388.0
429.0
429.0
454.0
453.0
445.0
454.0
436.0
462.0
448.0
438.0
453.0
437.0
443.0
446.0
429.0
422.0
424.0
415.0
424.0
402.0
410.0
437.0
427.0
454.0
455.0
433.0
454.0
475.0
482.0
514.0
503.0
506.0
487.0
499.0
466.0
466.0
464.0
456.0
470.0
463.0
454.0
444.0
440.0
468.0
466.0
451.0
462.0
465.0
462.0
453.0
463.0
484.0
479.0
469.0
485.0
477.0
475.0
485.0
494.0
476.0
497.0
481.0
500.0
476.0
482.0
476.0
494.0
487.0
506.0
480.0
468.0
455.0
468.0
439.0
470.0
461.0
442.0
442.0
464.0
455.0
453.0
476.0
474.0
466.0
484.0
500.0
478.0
484.0
462.0
469.0
488.0
473.0
468.0
474.0
459.0
434.0
430.0
440.0
437.0
438.0
444.0
451.0
461.0
474.0
474.0
494.0
488.0
503.0
486.0
510.0
505.0
505.0
487.0
478.0
480.0
473.0
456.0
458.0
486.0
482.0
501.0
502.0
509.0
516.0
513.0
498.0
494.0
493.0
491.0
481.0
496.0
489.0
492.0
494.0
515.0
512.0
515.0
532.0
512.0
529.0
505.0
486.0
484.0
477.0
476.0
464.0
450.0
457.0
455.0
455.0
440.0
461.0
465.0
463.0
489.0
467.0
490.0
493.0
491.0
496.0
510.0
521.0
522.0
505.0
498.0
498.0
515.0
517.0
520.0
535.0
550.0
554.0
522.0
514.0
516.0
515.0
522.0
504.0
493.0
484.0
483.0
496.0
492.0
500.0
468.0
484.0
490.0
491.0
486.0
487.0
502.0
506.0
492.0
474.0
473.0
471.0
481.0
478.0
484.0
483.0
478.0
494.0
503.0
491.0
503.0
505.0
517.0
497.0
493.0
485.0
476.0
461.0
455.0
469.0
454.0
486.0
492.0
473.0
497.0
460.0
468.0
447.0
465.0
467.0
435.0
434.0
444.0
453.0
434.0
434.0
441.0
455.0
447.0
471.0
476.0
480.0
478.0
485.0
515.0
517.0
511.0
516.0
539.0
555.0
546.0
539.0
542.0
522.0
523.0
507.0
517.0
520.0
543.0
538.0
540.0
508.0
511.0
493.0
483.0
477.0
472.0
483.0
468.0
467.0
479.0
486.0
503.0
502.0
494.0
497.0
527.0
532.0
525.0
521.0
518.0
526.0
512.0
521.0
526.0
565.0
539.0
555.0
548.0
539.0
536.0
523.0
531.0
507.0
479.0
468.0
495.0
512.0
481.0
472.0
487.0
485.0
482.0
492.0
504.0
528.0
507.0
504.0
504.0
503.0
479.0
498.0
491.0
488.0
489.0
485.0
481.0
481.0
476.0
489.0
497.0
485.0
511.0
487.0
490.0
499.0
499.0
502.0
499.0
519.0
505.0
505.0
481.0
486.0
486.0
494.0
470.0
469.0
455.0
445.0
444.0
455.0
471.0
478.0
469.0
473.0
499.0
494.0
513.0
498.0
509.0
489.0
509.0
489.0
479.0
478.0
470.0
476.0
482.0
485.0
502.0
512.0
525.0
521.0
522.0
518.0
492.0
478.0
472.0
484.0
470.0
475.0
481.0
483.0
492.0
454.0
451.0
457.0
443.0
467.0
473.0
478.0
482.0
462.0
455.0
461.0
458.0
460.0
460.0
463.0
469.0
469.0
470.0
453.0
475.0
438.0
462.0
429.0
433.0
461.0
456.0
479.0
479.0
497.0
494.0
501.0
505.0
472.0
478.0
471.0
472.0
442.0
469.0
448.0
452.0
439.0
436.0
434.0
448.0
450.0
480.0
475.0
485.0
483.0
482.0
491.0
477.0
472.0
460.0
465.0
450.0
475.0
439.0
445.0
421.0
439.0
443.0
424.0
442.0
443.0
456.0
444.0
442.0
445.0
436.0
435.0
451.0
458.0
438.0
436.0
432.0
436.0
428.0
455.0
447.0
477.0
449.0
452.0
498.0
496.0
524.0
545.0
557.0
550.0
548.0
528.0
524.0
512.0
504.0
506.0
506.0
502.0
508.0
483.0
483.0
494.0
500.0
464.0
499.0
496.0
521.0
516.0
516.0
536.0
514.0
507.0
517.0
513.0
536.0
537.0
549.0
554.0
561.0
545.0
539.0
549.0
555.0
572.0
567.0
560.0
536.0
533.0
539.0
552.0
553.0
556.0
535.0
516.0
520.0
510.0
503.0
503.0
511.0
495.0
497.0
507.0
526.0
487.0
500.0
494.0
502.0
515.0
494.0
513.0
500.0
515.0
518.0
496.0
482.0
465.0
501.0
503.0
518.0
505.0
523.0
501.0
514.0
505.0
502.0
479.0
500.0
505.0
516.0
534.0
498.0
508.0
504.0
505.0
507.0
526.0
506.0
510.0
502.0
508.0
515.0
511.0
510.0
514.0
512.0
517.0
502.0
481.0
490.0
492.0
496.0
500.0
502.0
480.0
480.0
492.0
499.0
505.0
515.0
525.0
513.0
513.0
506.0
528.0
525.0
529.0
509.0
515.0
497.0
497.0
509.0
508.0
505.0
511.0
523.0
525.0
493.0
503.0
480.0
486.0
474.0
492.0
498.0
513.0
504.0
535.0
523.0
523.0
509.0
518.0
496.0
515.0
515.0
526.0
549.0
545.0
547.0
530.0
554.0
538.0
536.0
508.0
512.0
517.0
503.0
505.0
513.0
497.0
521.0
503.0
538.0
534.0
543.0
539.0
490.0
500.0
494.0
492.0
489.0
489.0
492.0
506.0
498.0
479.0
485.0
475.0
487.0
459.0
487.0
494.0
493.0
500.0
468.0
450.0
462.0
485.0
475.0
473.0
476.0
473.0
482.0
479.0
482.0
478.0
493.0
515.0
519.0
504.0
519.0
501.0
512.0
507.0
525.0
525.0
518.0
527.0
543.0
525.0
536.0
531.0
552.0
558.0
583.0
580.0
579.0
575.0
540.0
528.0
521.0
489.0
499.0
493.0
503.0
497.0
499.0
499.0
512.0
534.0
505.0
497.0
491.0
492.0
509.0
491.0
490.0
504.0
502.0
528.0
518.0
499.0
527.0
520.0
516.0
512.0
511.0
508.0
532.0
543.0
517.0
518.0
508.0
521.0
523.0
516.0
533.0
533.0
507.0
519.0
552.0
523.0
529.0
551.0
520.0
537.0
508.0
533.0
526.0
519.0
464.0
476.0
458.0
470.0
480.0
490.0
469.0
481.0
482.0
473.0
496.0
488.0
497.0
485.0
469.0
456.0
466.0
451.0
468.0
444.0
474.0
482.0
484.0
483.0
462.0
465.0
481.0
479.0
463.0
444.0
432.0
413.0
425.0
414.0
419.0
413.0
433.0
444.0
450.0
445.0
469.0
473.0
474.0
454.0
454.0
466.0
453.0
478.0
481.0
461.0
488.0
465.0
480.0
459.0
452.0
472.0
446.0
467.0
474.0
473.0
477.0
454.0
421.0
413.0
385.0
392.0
383.0
385.0
380.0
388.0
367.0
369.0
392.0
427.0
440.0
441.0
448.0
445.0
474.0
484.0
485.0
474.0
489.0
485.0
497.0
509.0
496.0
482.0
496.0
483.0
466.0
465.0
468.0
476.0
457.0
481.0
480.0
491.0
478.0
486.0
483.0
485.0
471.0
461.0
483.0
455.0
446.0
452.0
450.0
466.0
481.0
502.0
491.0
488.0
499.0
482.0
506.0
509.0
514.0
494.0
487.0
520.0
504.0
504.0
498.0
463.0
472.0
463.0
461.0
455.0
435.0
454.0
471.0
468.0
454.0
462.0
457.0
434.0
436.0
450.0
451.0
457.0
468.0
471.0
430.0
438.0
447.0
445.0
444.0
454.0
436.0
428.0
410.0
408.0
408.0
413.0
405.0
393.0
389.0
372.0
361.0
395.0
384.0
400.0
405.0
404.0
415.0
406.0
416.0
434.0
437.0
439.0
447.0
444.0
449.0
463.0
475.0
487.0
468.0
462.0
470.0
481.0
466.0
491.0
479.0
474.0
477.0
478.0
468.0
473.0
458.0
480.0
467.0
462.0
471.0
476.0
490.0
477.0
458.0
473.0
474.0
482.0
508.0
527.0
520.0
511.0
531.0
555.0
564.0
556.0
555.0
545.0
533.0
530.0
532.0
518.0
557.0
546.0
544.0
531.0
547.0
521.0
544.0
536.0
550.0
567.0
567.0
588.0
561.0
590.0
559.0
563.0
563.0
573.0
554.0
542.0
534.0
502.0
487.0
491.0
514.0
500.0
501.0
469.0
462.0
483.0
485.0
484.0
484.0
479.0
490.0
494.0
500.0
489.0
498.0
481.0
484.0
466.0
484.0
478.0
472.0
475.0
486.0
499.0
506.0
505.0
506.0
482.0
480.0
460.0
479.0
483.0
497.0
482.0
458.0
493.0
470.0
482.0
505.0
497.0
488.0
481.0
479.0
468.0
496.0
481.0
521.0
500.0
504.0
537.0
559.0
554.0
570.0
546.0
530.0
518.0
525.0
539.0
530.0
545.0
536.0
554.0
530.0
534.0
540.0
541.0
534.0
539.0
523.0
501.0
504.0
516.0
510.0
501.0
502.0
495.0
481.0
470.0
496.0
497.0
478.0
466.0
498.0
490.0
492.0
483.0
455.0
498.0
484.0
507.0
491.0
473.0
494.0
500.0
495.0
522.0
540.0
560.0
551.0
531.0
515.0
504.0
498.0
499.0
484.0
476.0
468.0
469.0
478.0
457.0
453.0
442.0
447.0
467.0
497.0
523.0
509.0
524.0
505.0
512.0
495.0
487.0
474.0
441.0
440.0
448.0
448.0
447.0
439.0
436.0
440.0
427.0
424.0
429.0
415.0
438.0
432.0
463.0
474.0
495.0
503.0
485.0
506.0
472.0
458.0
460.0
461.0
454.0
458.0
461.0
472.0
467.0
472.0
464.0
485.0
502.0
502.0
483.0
499.0
508.0
513.0
513.0
516.0
509.0
509.0
536.0
525.0
509.0
536.0
513.0
505.0
486.0
478.0
486.0
490.0
486.0
483.0
483.0
486.0
485.0
463.0
461.0
458.0
455.0
459.0
455.0
434.0
405.0
427.0
422.0
441.0
446.0
454.0
460.0
443.0
446.0
456.0
479.0
470.0
469.0
463.0
477.0
475.0
449.0
440.0
439.0
467.0
440.0
458.0
450.0
437.0
442.0
479.0
457.0
475.0
451.0
466.0
452.0
433.0
448.0
437.0
475.0
453.0
485.0
492.0
503.0
496.0
487.0
462.0
470.0
446.0
472.0
448.0
460.0
455.0
464.0
472.0
460.0
454.0
470.0
475.0
480.0
478.0
468.0
486.0
478.0
485.0
488.0
482.0
477.0
486.0
478.0
480.0
495.0
521.0
505.0
534.0
502.0
482.0
457.0
457.0
462.0
490.0
498.0
526.0
527.0
513.0
520.0
515.0
519.0
500.0
500.0
474.0
474.0
509.0
495.0
522.0
492.0
483.0
462.0
463.0
470.0
478.0
481.0
488.0
522.0
497.0
504.0
491.0
499.0
510.0
499.0
493.0
495.0
500.0
502.0
524.0
508.0
489.0
492.0
519.0
528.0
542.0
520.0
531.0
544.0
543.0
534.0
541.0
545.0
536.0
550.0
543.0
536.0
558.0
550.0
558.0
549.0
535.0
557.0
554.0
544.0
543.0
523.0
545.0
531.0
529.0
522.0
529.0
525.0
518.0
514.0
507.0
528.0
517.0
528.0
526.0
532.0
527.0
538.0
549.0
553.0
551.0
572.0
580.0
564.0
575.0
584.0
570.0
572.0
556.0
552.0
520.0
542.0
538.0
539.0
526.0
520.0
527.0
499.0
518.0
526.0
525.0
535.0
542.0
577.0
584.0
586.0
578.0
588.0
598.0
596.0
589.0
576.0
579.0
568.0
563.0
547.0
540.0
532.0
521.0
541.0
513.0
515.0
493.0
509.0
528.0
530.0
531.0
530.0
553.0
552.0
574.0
564.0
548.0
550.0
543.0
557.0
529.0
516.0
544.0
566.0
570.0
553.0
552.0
543.0
549.0
548.0
519.0
524.0
536.0
568.0
555.0
557.0
565.0
546.0
554.0
533.0
547.0
490.0
489.0
482.0
464.0
486.0
483.0
491.0
472.0
507.0
471.0
488.0
498.0
503.0
490.0
519.0
515.0
535.0
515.0
542.0
527.0
553.0
505.0
497.0
494.0
511.0
494.0
505.0
516.0
515.0
542.0
536.0
512.0
541.0
507.0
532.0
527.0
540.0
503.0
528.0
509.0
524.0
501.0
508.0
508.0
522.0
487.0
497.0
483.0
499.0
501.0
507.0
510.0
501.0
481.0
512.0
511.0
524.0
516.0
542.0
526.0
529.0
530.0
557.0
541.0
553.0
563.0
555.0
553.0
547.0
537.0
525.0
532.0
531.0
543.0
542.0
550.0
545.0
534.0
551.0
576.0
542.0
561.0
564.0
534.0
529.0
534.0
502.0
519.0
504.0
498.0
487.0
511.0
486.0
481.0
475.0
471.0
457.0
467.0
453.0
447.0
455.0
465.0
449.0
460.0
456.0
470.0
466.0
471.0
486.0
490.0
480.0
476.0
451.0
465.0
436.0
447.0
440.0
451.0
465.0
471.0
473.0
466.0
465.0
461.0
463.0
480.0
477.0
465.0
467.0
461.0
461.0
444.0
476.0
456.0
456.0
471.0
475.0
481.0
466.0
471.0
481.0
466.0
482.0
456.0
478.0
445.0
461.0
460.0
468.0
464.0
462.0
480.0
497.0
493.0
508.0
505.0
508.0
515.0
543.0
521.0
495.0
500.0
492.0
505.0
482.0
499.0
515.0
507.0
507.0
480.0
472.0
465.0
459.0
474.0
464.0
480.0
449.0
474.0
482.0
483.0
471.0
463.0
477.0
509.0
505.0
521.0
531.0
536.0
547.0
549.0
538.0
546.0
518.0
507.0
503.0
509.0
503.0
503.0
495.0
486.0
511.0
488.0
482.0
477.0
468.0
489.0
494.0
485.0
483.0
481.0
491.0
485.0
492.0
483.0
473.0
490.0
493.0
514.0
525.0
511.0
519.0
487.0
505.0
488.0
493.0
466.0
447.0
452.0
453.0
470.0
447.0
447.0
446.0
440.0
440.0
445.0
457.0
451.0
449.0
448.0
459.0
444.0
442.0
439.0
435.0
429.0
423.0
475.0
479.0
490.0
486.0
496.0
495.0
502.0
494.0
501.0
477.0
467.0
457.0
458.0
450.0
465.0
466.0
479.0
474.0
487.0
486.0
501.0
478.0
456.0
464.0
444.0
454.0
442.0
435.0
465.0
504.0
518.0
544.0
544.0
550.0
535.0
520.0
495.0
492.0
494.0
465.0
488.0
491.0
499.0
490.0
477.0
457.0
463.0
468.0
446.0
443.0
463.0
468.0
486.0
476.0
476.0
503.0
496.0
512.0
505.0
488.0
490.0
470.0
475.0
474.0
468.0
456.0
476.0
500.0
512.0
526.0
510.0
508.0
520.0
498.0
511.0
517.0
528.0
499.0
509.0
495.0
524.0
514.0
524.0
541.0
551.0
564.0
546.0
540.0
546.0
552.0
566.0
559.0
567.0
563.0
568.0
572.0
552.0
545.0
499.0
499.0
511.0
485.0
515.0
474.0
451.0
475.0
485.0
506.0
503.0
519.0
531.0
534.0
554.0
555.0
546.0
545.0
538.0
544.0
544.0
526.0
516.0
527.0
525.0
530.0
495.0
478.0
479.0
522.0
513.0
496.0
485.0
495.0
472.0
470.0
461.0
461.0
488.0
484.0
476.0
472.0
479.0
477.0
499.0
476.0
499.0
478.0
523.0
511.0
519.0
538.0
517.0
535.0
537.0
532.0
514.0
516.0
518.0
518.0
527.0
518.0
520.0
516.0
533.0
531.0
541.0
564.0
548.0
562.0
526.0
533.0
554.0
565.0
597.0
574.0
569.0
553.0
572.0
522.0
520.0
530.0
553.0
542.0
522.0
504.0
507.0
514.0
523.0
525.0
530.0
536.0
535.0
560.0
547.0
527.0
570.0
520.0
528.0
529.0
507.0
504.0
481.0
476.0
482.0
490.0
508.0
508.0
472.0
486.0
475.0
483.0
501.0
488.0
526.0
521.0
498.0
500.0
489.0
510.0
487.0
518.0
509.0
498.0
494.0
469.0
491.0
517.0
508.0
505.0
517.0
515.0
529.0
506.0
526.0
512.0
525.0
490.0
486.0
460.0
468.0
469.0
488.0
487.0
504.0
497.0
503.0
486.0
491.0
476.0
500.0
500.0
509.0
532.0
536.0
514.0
516.0
513.0
510.0
523.0
513.0
494.0
491.0
495.0
501.0
490.0
496.0
508.0
500.0
508.0
522.0
506.0
510.0
534.0
518.0
524.0
515.0
546.0
539.0
552.0
534.0
557.0
557.0
527.0
562.0
511.0
548.0
502.0
502.0
488.0
505.0
498.0
497.0
493.0
499.0
494.0
522.0
535.0
548.0
547.0
554.0
531.0
515.0
