1116.0
849.0
506.0
303.0
205.0
188.0
182.0
185.0
176.0
185.0
186.0
197.0
220.0
245.0
268.0
300.0
330.0
355.0
389.0
408.0
465.0
482.0
535.0
586.0
627.0
701.0
757.0
808.0
892.0
950.0
1023.0
1063.0
1136.0
1215.0
1291.0
1358.0
1399.0
1446.0
1492.0
1518.0
1598.0
1617.0
1705.0
1753.0
1797.0
1859.0
1863.0
1936.0
1995.0
2070.0
2091.0
2163.0
2214.0
2306.0
2326.0
2393.0
2428.0
2438.0
2502.0
2564.0
2620.0
2676.0
2718.0
2736.0
2766.0
2766.0
2778.0
2815.0
2795.0
2814.0
2858.0
2846.0
2878.0
2926.0
2911.0
2918.0
2927.0
2981.0
2969.0
2999.0
3058.0
3101.0
3132.0
3182.0
3204.0
3240.0
3251.0
3274.0
3278.0
3262.0
3319.0
3286.0
3301.0
3276.0
3295.0
3293.0
3301.0
3332.0
3382.0
3367.0
3373.0
3399.0
3416.0
3394.0
3441.0
3425.0
3405.0
3426.0
3395.0
3393.0
3403.0
3446.0
3421.0
3436.0
3389.0
3463.0
3467.0
3465.0
3443.0
3455.0
3419.0
3483.0
3488.0
3518.0
3521.0
3539.0
3555.0
3505.0
3519.0
3508.0
3503.0
3512.0
3515.0
3511.0
3493.0
3462.0
3456.0
3492.0
3445.0
3494.0
3508.0
3573.0
3550.0
3524.0
3540.0
3569.0
3604.0
3618.0
3546.0
3583.0
3593.0
3615.0
3585.0
3552.0
3522.0
3515.0
3533.0
3569.0
3571.0
3552.0
3522.0
3547.0
3601.0
3562.0
3595.0
3531.0
3526.0
3554.0
3542.0
3536.0
3581.0
3594.0
3581.0
3571.0
3576.0
3586.0
3586.0
3571.0
3618.0
3604.0
3590.0
3563.0
3530.0
3485.0
3548.0
3564.0
3634.0
3604.0
3584.0
3571.0
3592.0
3607.0
3600.0
3580.0
3597.0
3636.0
3658.0
3636.0
3585.0
3626.0
3614.0
3627.0
3632.0
3652.0
3687.0
3691.0
3648.0
3648.0
3659.0
3703.0
3721.0
3716.0
3732.0
3721.0
3693.0
3711.0
3651.0
3688.0
3677.0
3690.0
3665.0
3677.0
3687.0
3706.0
3699.0
3683.0
3661.0
3666.0
3686.0
3747.0
3717.0
3778.0
3755.0
3674.0
3665.0
3650.0
3704.0
3703.0
3722.0
3705.0
3699.0
3687.0
3669.0
3721.0
3699.0
3738.0
3705.0
3672.0
3698.0
3708.0
3707.0
3713.0
3696.0
3707.0
3690.0
3706.0
3675.0
3653.0
3655.0
3687.0
3733.0
3691.0
3704.0
3699.0
3682.0
3688.0
3745.0
3739.0
3681.0
3728.0
3736.0
3734.0
3667.0
3707.0
3655.0
3671.0
3678.0
3652.0
3678.0
3701.0
3718.0
3719.0
3724.0
3677.0
3673.0
3644.0
3697.0
3741.0
3743.0
3732.0
3742.0
3743.0
3734.0
3671.0
3677.0
3718.0
3766.0
3739.0
3740.0
3691.0
3679.0
3707.0
3685.0
3703.0
3631.0
3712.0
3708.0
3759.0
3735.0
3696.0
3695.0
3738.0
3713.0
3681.0
3673.0
3677.0
3705.0
3663.0
3685.0
3682.0
3747.0
3735.0
3688.0
3700.0
3708.0
3678.0
3688.0
3704.0
3720.0
3685.0
3711.0
3697.0
3667.0
3683.0
3711.0
3706.0
3704.0
3740.0
3748.0
3672.0
3706.0
3654.0
3681.0
3637.0
3652.0
3614.0
3619.0
3672.0
3688.0
3619.0
3605.0
3608.0
3600.0
3604.0
3594.0
3619.0
3608.0
3618.0
3625.0
3643.0
3678.0
3683.0
3636.0
3618.0
3600.0
3650.0
3674.0
3693.0
3664.0
3637.0
3586.0
3631.0
3675.0
3649.0
3656.0
3649.0
3702.0
3684.0
3667.0
3659.0
3658.0
3616.0
3649.0
3647.0
3634.0
3643.0
3627.0
3668.0
3667.0
3671.0
3664.0
3636.0
3633.0
3637.0
3608.0
3612.0
3651.0
3651.0
3600.0
3660.0
3670.0
3662.0
3647.0
3588.0
3648.0
3613.0
3639.0
3627.0
3611.0
3609.0
3593.0
3575.0
3610.0
3632.0
3602.0
3583.0
3602.0
3607.0
3573.0
3574.0
3549.0
3580.0
3572.0
3537.0
3521.0
3492.0
3537.0
3531.0
3544.0
3548.0
3561.0
3512.0
3514.0
3472.0
3466.0
3468.0
3540.0
3517.0
3502.0
3530.0
3485.0
3499.0
3497.0
3490.0
3536.0
3494.0
3449.0
3508.0
3525.0
3528.0
3529.0
3509.0
3503.0
3471.0
3519.0
3489.0
3521.0
3487.0
3521.0
3610.0
3580.0
3547.0
3550.0
3497.0
3547.0
3562.0
3528.0
3532.0
3503.0
3527.0
3538.0
3559.0
3538.0
3523.0
3532.0
3547.0
3569.0
3595.0
3528.0
3538.0
3595.0
3573.0
3584.0
3604.0
3563.0
3545.0
3535.0
3575.0
3585.0
3588.0
3643.0
3624.0
3638.0
3656.0
3613.0
3609.0
3570.0
3664.0
3689.0
3637.0
3621.0
3650.0
3690.0
3686.0
3646.0
3693.0
3662.0
3683.0
3655.0
3694.0
3675.0
3740.0
3745.0
3707.0
3689.0
3708.0
3722.0
3734.0
3767.0
3758.0
3700.0
3689.0
3709.0
3752.0
3726.0
3750.0
3775.0
3784.0
3784.0
3769.0
3748.0
3799.0
3767.0
3790.0
3805.0
3831.0
3786.0
3775.0
3752.0
3783.0
3783.0
3796.0
3812.0
3823.0
3877.0
3859.0
3815.0
3772.0
3727.0
3777.0
3806.0
3760.0
3776.0
3772.0
3787.0
3764.0
3756.0
3777.0
3819.0
3814.0
3818.0
3789.0
3788.0
3786.0
3791.0
3793.0
3774.0
3805.0
3814.0
3793.0
3756.0
3812.0
3803.0
3810.0
3773.0
3765.0
3793.0
3813.0
3806.0
3797.0
3827.0
3835.0
3836.0
3797.0
3762.0
3749.0
3745.0
3795.0
3818.0
3822.0
3796.0
3829.0
3778.0
3790.0
3766.0
3794.0
3808.0
3786.0
3758.0
3750.0
3764.0
3830.0
3829.0
3805.0
3779.0
3838.0
3794.0
3746.0
3749.0
3759.0
3802.0
3849.0
3837.0
3812.0
3766.0
3752.0
3779.0
3809.0
3780.0
3820.0
3820.0
3854.0
3804.0
3813.0
3807.0
3823.0
3794.0
3796.0
3792.0
3812.0
3816.0
3808.0
3764.0
3762.0
3722.0
3785.0
3782.0
3775.0
3748.0
3816.0
3863.0
3815.0
3755.0
3769.0
3792.0
3840.0
3809.0
3798.0
3786.0
3785.0
3809.0
3824.0
3781.0
3777.0
3813.0
3800.0
3804.0
3794.0
3802.0
3778.0
3764.0
3798.0
3789.0
3826.0
3819.0
3845.0
3797.0
3784.0
3801.0
3789.0
3812.0
3810.0
3806.0
3800.0
3806.0
3793.0
3810.0
3844.0
3796.0
3779.0
3790.0
3773.0
3768.0
3778.0
3781.0
3747.0
3767.0
3725.0
3838.0
3800.0
3803.0
3796.0
3810.0
3818.0
3769.0
3743.0
3756.0
3802.0
3809.0
3745.0
3816.0
3794.0
3768.0
3746.0
3776.0
3806.0
3786.0
3774.0
3784.0
3773.0
3800.0
3777.0
3834.0
3798.0
3801.0
3793.0
3826.0
3862.0
3802.0
3798.0
3787.0
3765.0
3792.0
3772.0
3801.0
3792.0
3781.0
3802.0
3772.0
3797.0
3761.0
3783.0
3782.0
3791.0
3789.0
3806.0
3827.0
3828.0
3769.0
3812.0
3779.0
3797.0
3787.0
3812.0
3867.0
3834.0
3770.0
3773.0
3804.0
3786.0
3813.0
3821.0
3745.0
3787.0
3814.0
3796.0
3793.0
3781.0
3822.0
3810.0
3775.0
3789.0
3774.0
3783.0
3774.0
3791.0
3794.0
3820.0
3745.0
3752.0
3794.0
3799.0
3819.0
3797.0
3760.0
3774.0
3782.0
3792.0
3784.0
3812.0
3820.0
3819.0
3772.0
3794.0
3763.0
3801.0
3795.0
3757.0
3777.0
3734.0
