1121.0
861.0
550.0
337.0
202.0
200.0
203.0
206.0
228.0
245.0
274.0
304.0
347.0
376.0
424.0
467.0
541.0
612.0
687.0
752.0
825.0
887.0
984.0
1037.0
1124.0
1204.0
1268.0
1344.0
1426.0
1494.0
1570.0
1644.0
1697.0
1742.0
1829.0
1904.0
2007.0
2099.0
2136.0
2189.0
2267.0
2370.0
2391.0
2403.0
2391.0
2397.0
2398.0
2442.0
2469.0
2565.0
2650.0
2648.0
2704.0
2746.0
2738.0
2833.0
2836.0
2836.0
2840.0
2881.0
2901.0
2898.0
2924.0
2948.0
2969.0
2976.0
2998.0
2997.0
3010.0
3016.0
2959.0
2980.0
3026.0
3043.0
3072.0
3082.0
3120.0
3161.0
3173.0
3171.0
3196.0
3111.0
3149.0
3161.0
3186.0
3195.0
3189.0
3195.0
3201.0
3196.0
3191.0
3212.0
3215.0
3227.0
3200.0
3251.0
3229.0
3260.0
3232.0
3222.0
3207.0
3194.0
3216.0
3221.0
3246.0
3242.0
3225.0
3216.0
3275.0
3259.0
3275.0
3226.0
3171.0
3213.0
3272.0
3280.0
3263.0
3217.0
3224.0
3264.0
3274.0
3235.0
3279.0
3285.0
3276.0
3283.0
3246.0
3273.0
3233.0
3255.0
3274.0
3247.0
3272.0
3246.0
3257.0
3263.0
3272.0
3246.0
3270.0
3320.0
3310.0
3281.0
3270.0
3236.0
3212.0
3263.0
3267.0
3209.0
3207.0
3255.0
3276.0
3278.0
3269.0
3278.0
3240.0
3236.0
3227.0
3237.0
3256.0
3220.0
3177.0
3193.0
3193.0
3208.0
3224.0
3224.0
3195.0
3214.0
3184.0
3187.0
3125.0
3135.0
3146.0
3155.0
3186.0
3191.0
3158.0
3210.0
3238.0
3210.0
3226.0
3228.0
3156.0
3174.0
3161.0
3213.0
3233.0
3262.0
3235.0
3234.0
3257.0
3253.0
3226.0
3250.0
3269.0
3257.0
3212.0
3215.0
3259.0
3248.0
3288.0
3269.0
3252.0
3199.0
3260.0
3226.0
3246.0
3241.0
3260.0
3235.0
3220.0
3222.0
3240.0
3275.0
3292.0
3298.0
3281.0
3264.0
3311.0
3288.0
3224.0
3224.0
3267.0
3251.0
3291.0
3281.0
3284.0
3323.0
3319.0
3308.0
3267.0
3245.0
3292.0
3280.0
3293.0
3337.0
3273.0
3256.0
3240.0
3265.0
3251.0
3276.0
3254.0
3261.0
3284.0
3301.0
3252.0
3287.0
3299.0
3303.0
3287.0
3301.0
3267.0
3322.0
3293.0
3327.0
3336.0
3297.0
3264.0
3302.0
3302.0
3305.0
3263.0
3246.0
3262.0
3298.0
3328.0
3275.0
3311.0
3321.0
3322.0
3349.0
3318.0
3308.0
3276.0
3259.0
3248.0
3264.0
3252.0
3292.0
3328.0
3339.0
3325.0
3315.0
3272.0
3296.0
3315.0
3284.0
3332.0
3302.0
3282.0
3285.0
3277.0
3318.0
3322.0
3361.0
3375.0
3342.0
3316.0
3323.0
3315.0
3345.0
3299.0
3338.0
3335.0
3332.0
3340.0
3355.0
3341.0
3335.0
3313.0
3353.0
3385.0
3374.0
3411.0
3354.0
3391.0
3378.0
3412.0
3403.0
3412.0
3398.0
3396.0
3422.0
3418.0
3398.0
3416.0
3419.0
3430.0
3431.0
3408.0
3386.0
3383.0
3385.0
3426.0
3406.0
3433.0
3469.0
3440.0
3415.0
3441.0
3468.0
3456.0
3475.0
3477.0
3503.0
3533.0
3504.0
3530.0
3492.0
3558.0
3564.0
3550.0
3503.0
3517.0
3550.0
3556.0
3531.0
3511.0
3506.0
3552.0
3518.0
3537.0
3565.0
3587.0
3528.0
3507.0
3531.0
3531.0
3567.0
3539.0
3541.0
3545.0
3562.0
3534.0
3497.0
3552.0
3499.0
3538.0
3554.0
3556.0
3533.0
3543.0
3560.0
3625.0
3650.0
3639.0
3625.0
3595.0
3588.0
3605.0
3616.0
3619.0
3589.0
3555.0
3597.0
3595.0
3620.0
3618.0
3584.0
3531.0
3572.0
3528.0
3546.0
3532.0
3476.0
3481.0
3529.0
3515.0
3549.0
3559.0
3562.0
3576.0
3593.0
3533.0
3504.0
3491.0
3514.0
3609.0
3593.0
3562.0
3577.0
3609.0
3576.0
3532.0
3538.0
3555.0
3571.0
3597.0
3512.0
3534.0
3520.0
3502.0
3508.0
3553.0
3592.0
3585.0
3535.0
3563.0
3598.0
3611.0
3607.0
3601.0
3555.0
3577.0
3601.0
3569.0
3534.0
3554.0
3591.0
3567.0
3617.0
3690.0
3616.0
3619.0
3575.0
3609.0
3615.0
3572.0
3626.0
3632.0
3583.0
3599.0
3570.0
3566.0
3578.0
3530.0
3564.0
3615.0
3627.0
3566.0
3580.0
3550.0
3534.0
3551.0
3545.0
3615.0
3552.0
3541.0
3556.0
3578.0
3582.0
3597.0
3602.0
3626.0
3622.0
3587.0
3617.0
3599.0
3576.0
3562.0
3539.0
3554.0
3584.0
3566.0
3534.0
3485.0
3516.0
3550.0
3538.0
3552.0
3559.0
3539.0
3554.0
3565.0
3600.0
3596.0
3532.0
3558.0
3548.0
3553.0
3575.0
3550.0
3601.0
3576.0
3560.0
3512.0
3542.0
3593.0
3602.0
3565.0
3569.0
3575.0
3596.0
3560.0
3571.0
3599.0
3573.0
3597.0
3577.0
3571.0
3560.0
3556.0
3568.0
3577.0
3595.0
3546.0
3552.0
3576.0
3632.0
3627.0
3575.0
3615.0
3642.0
3592.0
3575.0
3588.0
3619.0
3597.0
3626.0
3622.0
3624.0
3631.0
3560.0
3576.0
3567.0
3544.0
3613.0
3630.0
3571.0
3547.0
3595.0
3608.0
3565.0
3547.0
3534.0
3570.0
3608.0
3627.0
3635.0
3626.0
3621.0
3629.0
3614.0
3630.0
3657.0
3650.0
3614.0
3652.0
3636.0
3588.0
3590.0
3603.0
3599.0
3643.0
3620.0
3603.0
3616.0
3590.0
3640.0
3623.0
3634.0
3599.0
3601.0
3590.0
3553.0
3594.0
3611.0
3631.0
3614.0
3614.0
3609.0
3629.0
3623.0
3616.0
3641.0
3665.0
3592.0
3641.0
3620.0
3638.0
3659.0
3670.0
3675.0
3652.0
3637.0
3620.0
3663.0
3636.0
3605.0
3620.0
3576.0
3622.0
3641.0
3616.0
3646.0
3655.0
3662.0
3632.0
3620.0
3604.0
3563.0
3595.0
3615.0
3624.0
3641.0
3674.0
3699.0
3689.0
3673.0
3680.0
3668.0
3646.0
3668.0
3620.0
3644.0
3617.0
3647.0
3616.0
3632.0
3629.0
3645.0
3606.0
3599.0
3632.0
3615.0
3637.0
3600.0
3671.0
3643.0
3688.0
3654.0
3640.0
3643.0
3637.0
3687.0
3681.0
3678.0
3697.0
3648.0
3610.0
3654.0
3670.0
3702.0
3688.0
3610.0
3675.0
3664.0
3671.0
3666.0
3650.0
3677.0
3664.0
3672.0
3710.0
3753.0
3769.0
3708.0
3703.0
3664.0
3675.0
3687.0
3706.0
3653.0
3651.0
3637.0
3646.0
3665.0
3689.0
3704.0
3686.0
3662.0
3672.0
3628.0
3682.0
3606.0
3623.0
3653.0
3653.0
3649.0
3656.0
3677.0
3675.0
3707.0
3693.0
3708.0
3710.0
3685.0
3680.0
3686.0
3700.0
3705.0
3696.0
3664.0
3668.0
3694.0
3697.0
3682.0
3655.0
3705.0
3691.0
3684.0
3718.0
3680.0
3688.0
3684.0
3680.0
3696.0
3732.0
3641.0
3659.0
3677.0
3740.0
3735.0
3709.0
3678.0
3677.0
3672.0
3710.0
3721.0
3707.0
3669.0
3661.0
3715.0
3713.0
3714.0
3733.0
3743.0
3739.0
3723.0
3686.0
3669.0
3640.0
3686.0
3708.0
3722.0
3694.0
3675.0
3638.0
3654.0
3680.0
3703.0
3678.0
3714.0
3713.0
3735.0
3696.0
3717.0
3725.0
3687.0
3734.0
3727.0
3710.0
3744.0
3745.0
3707.0
3734.0
3731.0
3702.0
3736.0
3733.0
3728.0
3661.0
3691.0
3723.0
3708.0
3748.0
3715.0
3741.0
3724.0
3721.0
3752.0
3769.0
3757.0
3787.0
3756.0
3767.0
3745.0
3743.0
3694.0
3698.0
3701.0
3707.0
3716.0
3731.0
3718.0
3728.0
3715.0
3697.0
3704.0
3686.0
3713.0
3732.0
3724.0
3710.0
3722.0
3678.0
3706.0
3709.0
3705.0
3704.0
3730.0
3745.0
3717.0
3751.0
3733.0
3767.0
3783.0
3776.0
3746.0
3797.0
3727.0
3732.0
3720.0
3750.0
3764.0
3726.0
3741.0
3763.0
3768.0
3775.0
3756.0
3756.0
3763.0
3786.0
3761.0
3758.0
3767.0
3788.0
3790.0
3789.0
3783.0
3754.0
3795.0
3794.0
3769.0
3810.0
3764.0
3770.0
3769.0
3700.0
3745.0
3767.0
3833.0
3741.0
3721.0
3711.0
3766.0
3777.0
3795.0
3764.0
3820.0
3810.0
3770.0
3787.0
3792.0
3790.0
3749.0
3761.0
3764.0
3804.0
3776.0
3742.0
3747.0
3738.0
3747.0
3721.0
3727.0
3736.0
3778.0
3774.0
3714.0
3737.0
3718.0
3717.0
3738.0
3725.0
3732.0
3724.0
3725.0
3716.0
3711.0
3685.0
3735.0
3715.0
3737.0
3718.0
3676.0
3701.0
3747.0
3765.0
3714.0
3691.0
3764.0
3740.0
3754.0
3732.0
3703.0
3761.0
3765.0
3760.0
3718.0
3708.0
3762.0
3748.0
3731.0
3714.0
3708.0
3711.0
3766.0
3721.0
3729.0
3708.0
3677.0
3747.0
3707.0
3667.0
3691.0
3717.0
3708.0
3705.0
3700.0
3722.0
3682.0
3695.0
3706.0
3694.0
3709.0
3676.0
3663.0
3683.0
3693.0
3714.0
3712.0
3720.0
3726.0
3729.0
3732.0
3735.0
3718.0
3651.0
3687.0
3700.0
3636.0
3636.0
3657.0
3666.0
3663.0
3671.0
3685.0
3686.0
3672.0
3632.0
3672.0
3706.0
3672.0
3693.0
3705.0
3679.0
3671.0
3668.0
3656.0
3626.0
3658.0
3678.0
3683.0
3700.0
3676.0
3688.0
3683.0
3732.0
3727.0
3710.0
3729.0
3736.0
3739.0
3689.0
3746.0
3752.0
3744.0
3740.0
3715.0
3738.0
3751.0
3774.0
3773.0
3790.0
3728.0
3768.0
3708.0
3712.0
3760.0
3739.0
3737.0
3758.0
3747.0
3768.0
3790.0
3754.0
3762.0
3752.0
3725.0
3727.0
3759.0
3745.0
3740.0
3738.0
3701.0
3728.0
3778.0
3779.0
3726.0
3751.0
3772.0
3799.0
3786.0
3766.0
3767.0
3755.0
3720.0
3753.0
3730.0
3692.0
3680.0
3730.0
3746.0
3707.0
3722.0
3762.0
3751.0
3759.0
3789.0
3748.0
3764.0
3758.0
3750.0
3771.0
3742.0
3714.0
3764.0
3789.0
3766.0
3785.0
3771.0
3736.0
3768.0
3803.0
3797.0
3753.0
3751.0
3780.0
3786.0
3752.0
3775.0
3752.0
3756.0
3732.0
3760.0
3791.0
3808.0
3785.0
3712.0
3750.0
3770.0
3789.0
3779.0
3758.0
3786.0
3745.0
3739.0
3767.0
3782.0
3807.0
3763.0
3779.0
3794.0
3818.0
3790.0
3840.0
3800.0
3754.0
3774.0
3799.0
3802.0
3823.0
3815.0
3767.0
3784.0
3799.0
3790.0
3770.0
3756.0
3755.0
3763.0
3748.0
3761.0
3782.0
3810.0
3817.0
3826.0
3810.0
3821.0
3776.0
3770.0
3751.0
3754.0
3783.0
3822.0
3820.0
3748.0
3757.0
3724.0
3759.0
3837.0
3826.0
3818.0
3766.0
3778.0
3756.0
3780.0
3759.0
