1120.0
865.0
533.0
285.0
163.0
148.0
141.0
141.0
138.0
129.0
140.0
136.0
137.0
141.0
148.0
141.0
145.0
151.0
157.0
156.0
167.0
158.0
169.0
166.0
165.0
181.0
175.0
192.0
192.0
190.0
206.0
204.0
196.0
205.0
209.0
207.0
209.0
201.0
212.0
219.0
224.0
240.0
246.0
258.0
264.0
272.0
290.0
287.0
297.0
292.0
299.0
309.0
327.0
339.0
350.0
343.0
353.0
354.0
355.0
355.0
389.0
383.0
393.0
404.0
393.0
397.0
403.0
402.0
404.0
399.0
405.0
411.0
416.0
436.0
430.0
429.0
449.0
460.0
483.0
494.0
491.0
510.0
532.0
557.0
551.0
544.0
556.0
556.0
561.0
591.0
568.0
563.0
578.0
589.0
612.0
629.0
614.0
608.0
618.0
624.0
640.0
650.0
668.0
658.0
674.0
671.0
697.0
697.0
697.0
712.0
716.0
728.0
700.0
708.0
708.0
717.0
744.0
745.0
755.0
754.0
764.0
781.0
775.0
777.0
783.0
806.0
809.0
814.0
813.0
819.0
811.0
817.0
840.0
819.0
812.0
829.0
815.0
806.0
802.0
805.0
796.0
782.0
805.0
809.0
822.0
858.0
839.0
811.0
813.0
815.0
799.0
782.0
808.0
814.0
812.0
822.0
827.0
833.0
822.0
828.0
832.0
860.0
854.0
861.0
849.0
858.0
839.0
844.0
830.0
839.0
833.0
844.0
835.0
812.0
832.0
829.0
826.0
823.0
842.0
849.0
850.0
863.0
849.0
836.0
857.0
876.0
875.0
869.0
884.0
897.0
896.0
908.0
891.0
892.0
905.0
870.0
876.0
872.0
894.0
899.0
884.0
895.0
891.0
845.0
817.0
817.0
813.0
864.0
852.0
885.0
870.0
885.0
890.0
906.0
883.0
904.0
890.0
896.0
898.0
931.0
955.0
931.0
937.0
948.0
940.0
926.0
932.0
939.0
956.0
938.0
949.0
955.0
937.0
930.0
925.0
909.0
916.0
896.0
912.0
914.0
887.0
913.0
918.0
913.0
926.0
935.0
909.0
940.0
936.0
938.0
945.0
932.0
918.0
916.0
911.0
919.0
932.0
934.0
896.0
897.0
906.0
916.0
915.0
945.0
945.0
941.0
945.0
975.0
948.0
947.0
946.0
965.0
960.0
972.0
967.0
957.0
969.0
980.0
970.0
965.0
938.0
957.0
961.0
936.0
969.0
963.0
982.0
939.0
941.0
938.0
961.0
967.0
976.0
949.0
958.0
989.0
995.0
1002.0
988.0
1012.0
1007.0
1026.0
1016.0
1042.0
1030.0
1033.0
1037.0
1032.0
1019.0
1030.0
1000.0
1001.0
992.0
1011.0
1021.0
1026.0
1026.0
1019.0
1036.0
1026.0
1033.0
1034.0
1013.0
1015.0
1003.0
993.0
1005.0
994.0
998.0
1007.0
1019.0
1009.0
993.0
984.0
967.0
977.0
980.0
963.0
989.0
989.0
997.0
1019.0
976.0
975.0
994.0
1014.0
1015.0
997.0
985.0
978.0
1008.0
988.0
986.0
989.0
997.0
985.0
984.0
982.0
1025.0
1001.0
1028.0
998.0
1007.0
1025.0
998.0
998.0
1007.0
982.0
969.0
947.0
941.0
938.0
939.0
931.0
934.0
939.0
954.0
945.0
951.0
954.0
969.0
976.0
963.0
967.0
950.0
946.0
939.0
928.0
945.0
936.0
970.0
968.0
969.0
959.0
967.0
969.0
982.0
951.0
959.0
948.0
963.0
946.0
940.0
943.0
955.0
949.0
951.0
968.0
941.0
946.0
963.0
942.0
977.0
987.0
993.0
968.0
967.0
973.0
1004.0
989.0
986.0
974.0
991.0
1005.0
998.0
990.0
978.0
954.0
945.0
958.0
955.0
969.0
996.0
998.0
1002.0
1017.0
1017.0
998.0
967.0
948.0
925.0
905.0
929.0
935.0
949.0
939.0
957.0
975.0
957.0
960.0
955.0
941.0
932.0
956.0
961.0
939.0
924.0
956.0
954.0
956.0
940.0
941.0
914.0
927.0
955.0
981.0
975.0
978.0
978.0
984.0
978.0
977.0
981.0
969.0
981.0
968.0
956.0
964.0
928.0
942.0
954.0
974.0
989.0
997.0
999.0
993.0
1000.0
989.0
966.0
973.0
979.0
995.0
959.0
1003.0
986.0
993.0
988.0
1006.0
1000.0
1022.0
994.0
1024.0
1016.0
1004.0
1029.0
1016.0
990.0
1008.0
972.0
955.0
970.0
970.0
953.0
948.0
919.0
941.0
936.0
922.0
930.0
900.0
908.0
930.0
926.0
943.0
934.0
956.0
955.0
932.0
937.0
954.0
955.0
952.0
949.0
982.0
977.0
994.0
1005.0
990.0
950.0
946.0
953.0
960.0
962.0
949.0
941.0
967.0
973.0
958.0
953.0
975.0
942.0
911.0
905.0
922.0
914.0
895.0
905.0
909.0
917.0
916.0
909.0
920.0
930.0
919.0
908.0
925.0
922.0
928.0
942.0
983.0
960.0
974.0
967.0
987.0
979.0
1019.0
1010.0
992.0
994.0
1003.0
1001.0
995.0
1002.0
1004.0
990.0
996.0
967.0
994.0
990.0
990.0
991.0
1019.0
1013.0
1034.0
1023.0
1022.0
1019.0
996.0
1011.0
1032.0
1020.0
1017.0
997.0
1007.0
996.0
1015.0
1005.0
1022.0
1002.0
1049.0
1042.0
1048.0
1065.0
1040.0
1051.0
1070.0
1064.0
1071.0
1064.0
1088.0
1082.0
1087.0
1111.0
1085.0
1081.0
1073.0
1069.0
1057.0
1050.0
1012.0
1010.0
1011.0
1015.0
1023.0
1026.0
1006.0
1044.0
1038.0
1052.0
1028.0
1073.0
1048.0
1060.0
1064.0
1077.0
1066.0
