37.0
28.0
27.0
37.0
24.0
21.0
29.0
27.0
33.0
33.0
39.0
48.0
56.0
63.0
68.0
65.0
85.0
98.0
79.0
94.0
104.0
107.0
79.0
71.0
78.0
85.0
93.0
96.0
92.0
99.0
107.0
110.0
114.0
129.0
111.0
105.0
126.0
122.0
120.0
118.0
114.0
97.0
95.0
102.0
87.0
93.0
92.0
106.0
93.0
123.0
109.0
102.0
113.0
114.0
90.0
94.0
107.0
134.0
112.0
128.0
126.0
123.0
92.0
91.0
82.0
84.0
66.0
74.0
78.0
79.0
78.0
93.0
96.0
112.0
112.0
147.0
166.0
168.0
180.0
176.0
189.0
182.0
218.0
246.0
271.0
303.0
363.0
327.0
372.0
375.0
409.0
432.0
460.0
481.0
510.0
529.0
532.0
508.0
521.0
549.0
574.0
542.0
528.0
538.0
581.0
625.0
609.0
614.0
583.0
581.0
588.0
620.0
647.0
685.0
722.0
747.0
707.0
704.0
732.0
740.0
796.0
784.0
796.0
791.0
758.0
750.0
720.0
723.0
729.0
754.0
788.0
772.0
775.0
751.0
782.0
814.0
810.0
842.0
896.0
834.0
815.0
876.0
904.0
905.0
948.0
946.0
927.0
902.0
913.0
917.0
932.0
946.0
911.0
941.0
901.0
879.0
905.0
924.0
915.0
906.0
931.0
948.0
997.0
978.0
1012.0
949.0
1000.0
964.0
978.0
947.0
960.0
969.0
990.0
938.0
957.0
960.0
936.0
957.0
932.0
1006.0
1004.0
1000.0
1031.0
996.0
1003.0
1005.0
1027.0
1039.0
1005.0
981.0
971.0
988.0
947.0
916.0
954.0
938.0
972.0
957.0
957.0
985.0
1005.0
999.0
1019.0
1033.0
1034.0
992.0
984.0
990.0
957.0
965.0
980.0
967.0
949.0
927.0
981.0
946.0
933.0
880.0
861.0
851.0
860.0
896.0
904.0
840.0
907.0
906.0
981.0
965.0
960.0
965.0
930.0
927.0
931.0
946.0
932.0
961.0
960.0
936.0
940.0
896.0
923.0
934.0
983.0
943.0
985.0
974.0
941.0
932.0
938.0
964.0
952.0
944.0
1013.0
998.0
965.0
992.0
977.0
1002.0
976.0
972.0
930.0
977.0
956.0
889.0
828.0
784.0
786.0
742.0
737.0
755.0
800.0
826.0
864.0
873.0
875.0
899.0
879.0
874.0
875.0
870.0
899.0
862.0
844.0
892.0
852.0
883.0
889.0
873.0
879.0
898.0
875.0
849.0
869.0
857.0
900.0
906.0
906.0
952.0
997.0
1024.0
972.0
959.0
938.0
908.0
862.0
872.0
901.0
904.0
866.0
939.0
982.0
941.0
964.0
933.0
927.0
915.0
935.0
958.0
939.0
950.0
932.0
890.0
960.0
892.0
935.0
950.0
924.0
916.0
937.0
877.0
896.0
903.0
842.0
850.0
836.0
826.0
814.0
819.0
842.0
913.0
893.0
857.0
845.0
832.0
775.0
799.0
792.0
792.0
870.0
906.0
877.0
908.0
898.0
911.0
925.0
920.0
902.0
894.0
874.0
902.0
935.0
936.0
881.0
931.0
953.0
924.0
908.0
905.0
881.0
900.0
874.0
923.0
957.0
917.0
919.0
918.0
970.0
999.0
981.0
987.0
929.0
965.0
960.0
965.0
945.0
949.0
959.0
943.0
960.0
961.0
958.0
992.0
981.0
969.0
1001.0
982.0
1007.0
1035.0
1010.0
1009.0
1016.0
1015.0
1023.0
993.0
989.0
1058.0
1030.0
1036.0
1031.0
994.0
1009.0
954.0
972.0
904.0
909.0
951.0
957.0
938.0
942.0
901.0
922.0
930.0
897.0
927.0
921.0
897.0
858.0
870.0
853.0
850.0
873.0
890.0
842.0
861.0
865.0
871.0
882.0
872.0
826.0
825.0
867.0
853.0
908.0
947.0
897.0
854.0
876.0
871.0
886.0
881.0
901.0
891.0
884.0
893.0
917.0
896.0
877.0
909.0
880.0
897.0
931.0
875.0
872.0
930.0
948.0
979.0
987.0
974.0
942.0
954.0
972.0
980.0
908.0
918.0
903.0
927.0
892.0
903.0
866.0
912.0
864.0
864.0
882.0
903.0
897.0
903.0
891.0
887.0
890.0
880.0
896.0
897.0
838.0
876.0
901.0
876.0
893.0
915.0
911.0
943.0
934.0
917.0
874.0
935.0
882.0
921.0
961.0
946.0
968.0
946.0
936.0
995.0
998.0
931.0
950.0
932.0
927.0
964.0
958.0
937.0
926.0
963.0
954.0
930.0
936.0
949.0
924.0
968.0
924.0
897.0
904.0
878.0
890.0
910.0
866.0
847.0
843.0
827.0
841.0
850.0
907.0
881.0
903.0
898.0
875.0
816.0
807.0
821.0
843.0
879.0
870.0
899.0
900.0
934.0
958.0
953.0
924.0
913.0
901.0
933.0
961.0
948.0
974.0
976.0
1015.0
1009.0
1035.0
1031.0
1033.0
1023.0
1037.0
1010.0
998.0
971.0
988.0
1024.0
1003.0
1060.0
1009.0
1045.0
997.0
951.0
974.0
1014.0
1002.0
1034.0
1046.0
1057.0
1037.0
987.0
984.0
943.0
898.0
885.0
882.0
905.0
910.0
921.0
945.0
945.0
865.0
