42.0
28.0
32.0
33.0
30.0
32.0
31.0
44.0
49.0
41.0
44.0
52.0
60.0
62.0
60.0
72.0
66.0
72.0
83.0
83.0
89.0
101.0
84.0
90.0
96.0
104.0
104.0
92.0
84.0
78.0
86.0
80.0
85.0
83.0
84.0
85.0
86.0
98.0
117.0
126.0
124.0
124.0
123.0
123.0
111.0
101.0
83.0
87.0
89.0
98.0
99.0
77.0
96.0
84.0
57.0
66.0
74.0
88.0
88.0
82.0
67.0
78.0
93.0
95.0
80.0
70.0
68.0
68.0
78.0
72.0
64.0
73.0
85.0
80.0
102.0
110.0
98.0
96.0
87.0
97.0
100.0
96.0
114.0
107.0
98.0
105.0
97.0
104.0
99.0
106.0
102.0
102.0
91.0
95.0
96.0
101.0
98.0
94.0
91.0
96.0
84.0
92.0
96.0
92.0
84.0
89.0
73.0
69.0
65.0
61.0
62.0
44.0
57.0
56.0
70.0
64.0
61.0
56.0
67.0
61.0
65.0
57.0
90.0
87.0
69.0
86.0
83.0
94.0
98.0
110.0
116.0
106.0
88.0
103.0
99.0
97.0
99.0
92.0
89.0
92.0
88.0
75.0
81.0
75.0
74.0
86.0
96.0
95.0
107.0
104.0
72.0
56.0
63.0
62.0
72.0
73.0
82.0
67.0
69.0
74.0
73.0
86.0
99.0
94.0
88.0
96.0
96.0
103.0
113.0
114.0
101.0
111.0
123.0
115.0
116.0
91.0
87.0
78.0
96.0
90.0
95.0
78.0
63.0
67.0
67.0
67.0
76.0
85.0
72.0
62.0
89.0
96.0
86.0
99.0
105.0
94.0
76.0
77.0
74.0
90.0
99.0
95.0
107.0
95.0
105.0
100.0
91.0
96.0
88.0
98.0
92.0
84.0
77.0
94.0
82.0
93.0
103.0
80.0
70.0
71.0
66.0
62.0
59.0
52.0
44.0
39.0
42.0
58.0
63.0
67.0
61.0
61.0
66.0
76.0
73.0
61.0
60.0
62.0
55.0
61.0
62.0
66.0
80.0
92.0
76.0
83.0
84.0
91.0
93.0
102.0
107.0
125.0
117.0
112.0
104.0
86.0
104.0
103.0
103.0
93.0
96.0
106.0
112.0
110.0
113.0
112.0
128.0
120.0
106.0
95.0
118.0
125.0
132.0
132.0
146.0
151.0
153.0
164.0
162.0
168.0
185.0
196.0
215.0
217.0
239.0
259.0
290.0
284.0
280.0
306.0
321.0
352.0
371.0
370.0
388.0
427.0
457.0
452.0
465.0
467.0
480.0
498.0
505.0
498.0
537.0
532.0
499.0
488.0
500.0
562.0
585.0
596.0
554.0
583.0
612.0
634.0
602.0
639.0
638.0
673.0
674.0
685.0
626.0
623.0
653.0
605.0
559.0
569.0
560.0
550.0
554.0
561.0
534.0
588.0
550.0
522.0
519.0
493.0
497.0
519.0
482.0
502.0
524.0
528.0
529.0
529.0
530.0
557.0
587.0
610.0
609.0
596.0
641.0
638.0
642.0
645.0
598.0
608.0
634.0
630.0
647.0
661.0
658.0
645.0
626.0
623.0
602.0
614.0
639.0
611.0
581.0
593.0
566.0
632.0
608.0
618.0
638.0
621.0
594.0
619.0
628.0
648.0
660.0
636.0
630.0
624.0
640.0
606.0
652.0
622.0
581.0
591.0
543.0
578.0
585.0
583.0
591.0
582.0
550.0
570.0
556.0
563.0
569.0
576.0
569.0
547.0
569.0
575.0
520.0
546.0
546.0
550.0
548.0
545.0
542.0
575.0
571.0
549.0
568.0
568.0
572.0
562.0
561.0
581.0
585.0
579.0
578.0
576.0
572.0
554.0
559.0
571.0
623.0
609.0
570.0
554.0
546.0
559.0
558.0
558.0
542.0
546.0
557.0
595.0
571.0
546.0
576.0
551.0
560.0
595.0
576.0
593.0
617.0
619.0
597.0
615.0
594.0
598.0
633.0
660.0
598.0
620.0
659.0
635.0
627.0
660.0
654.0
656.0
633.0
611.0
617.0
595.0
574.0
588.0
585.0
574.0
570.0
595.0
598.0
603.0
615.0
644.0
633.0
645.0
579.0
575.0
587.0
602.0
608.0
561.0
601.0
547.0
545.0
548.0
521.0
539.0
525.0
581.0
589.0
613.0
622.0
590.0
618.0
620.0
601.0
609.0
631.0
644.0
657.0
615.0
572.0
599.0
606.0
626.0
643.0
646.0
624.0
652.0
690.0
667.0
679.0
665.0
690.0
700.0
684.0
663.0
677.0
690.0
699.0
683.0
686.0
656.0
657.0
677.0
692.0
631.0
657.0
664.0
632.0
634.0
641.0
630.0
637.0
613.0
644.0
651.0
620.0
627.0
618.0
584.0
632.0
620.0
646.0
661.0
696.0
650.0
603.0
657.0
617.0
638.0
624.0
652.0
620.0
591.0
629.0
659.0
602.0
605.0
580.0
601.0
596.0
577.0
556.0
544.0
580.0
616.0
597.0
617.0
611.0
627.0
635.0
633.0
626.0
592.0
570.0
554.0
583.0
573.0
584.0
588.0
616.0
605.0
560.0
582.0
560.0
574.0
593.0
588.0
584.0
584.0
596.0
536.0
490.0
526.0
521.0
541.0
560.0
598.0
592.0
599.0
575.0
593.0
565.0
556.0
584.0
564.0
551.0
576.0
590.0
596.0
617.0
604.0
625.0
635.0
643.0
616.0
623.0
659.0
625.0
633.0
612.0
612.0
636.0
638.0
677.0
676.0
667.0
643.0
638.0
635.0
629.0
650.0
650.0
628.0
644.0
610.0
576.0
600.0
614.0
624.0
624.0
677.0
675.0
715.0
720.0
715.0
715.0
643.0
667.0
615.0
582.0
608.0
603.0
609.0
580.0
566.0
556.0
541.0
573.0
583.0
585.0
638.0
653.0
627.0
639.0
628.0
650.0
654.0
658.0
638.0
649.0
664.0
697.0
675.0
651.0
624.0
655.0
666.0
657.0
640.0
676.0
638.0
680.0
633.0
639.0
659.0
637.0
613.0
598.0
637.0
641.0
632.0
628.0
632.0
642.0
591.0
614.0
602.0
640.0
644.0
645.0
663.0
712.0
666.0
698.0
707.0
709.0
675.0
652.0
660.0
670.0
651.0
633.0
655.0
657.0
658.0
648.0
603.0
636.0
603.0
582.0
568.0
598.0
612.0
608.0
629.0
622.0
636.0
608.0
585.0
595.0
591.0
611.0
581.0
577.0
589.0
591.0
620.0
616.0
620.0
642.0
602.0
609.0
602.0
608.0
605.0
584.0
630.0
608.0
616.0
647.0
651.0
651.0
651.0
666.0
689.0
679.0
667.0
641.0
662.0
616.0
643.0
649.0
651.0
609.0
572.0
539.0
543.0
529.0
550.0
559.0
521.0
500.0
517.0
524.0
525.0
536.0
516.0
549.0
571.0
520.0
512.0
535.0
513.0
475.0
431.0
435.0
397.0
405.0
443.0
429.0
469.0
464.0
508.0
512.0
491.0
501.0
546.0
544.0
563.0
579.0
585.0
657.0
688.0
655.0
604.0
603.0
609.0
613.0
630.0
630.0
653.0
637.0
651.0
677.0
718.0
662.0
645.0
650.0
639.0
648.0
614.0
605.0
625.0
593.0
603.0
609.0
611.0
610.0
583.0
563.0
562.0
541.0
564.0
601.0
595.0
599.0
595.0
604.0
584.0
614.0
592.0
636.0
614.0
612.0
635.0
633.0
614.0
618.0
617.0
632.0
577.0
571.0
555.0
557.0
557.0
515.0
529.0
525.0
564.0
594.0
627.0
639.0
628.0
651.0
643.0
679.0
613.0
637.0
638.0
626.0
590.0
596.0
588.0
570.0
567.0
596.0
638.0
658.0
607.0
616.0
614.0
617.0
579.0
581.0
547.0
529.0
522.0
528.0
511.0
488.0
513.0
532.0
546.0
544.0
499.0
506.0
497.0
513.0
486.0
465.0
475.0
471.0
490.0
502.0
513.0
493.0
466.0
464.0
441.0
469.0
520.0
485.0
513.0
484.0
497.0
515.0
516.0
558.0
578.0
579.0
623.0
582.0
587.0
595.0
569.0
603.0
633.0
619.0
631.0
638.0
678.0
681.0
668.0
693.0
714.0
672.0
667.0
632.0
683.0
705.0
671.0
695.0
706.0
771.0
777.0
748.0
748.0
765.0
789.0
756.0
756.0
759.0
759.0
758.0
727.0
695.0
760.0
721.0
722.0
732.0
742.0
754.0
727.0
704.0
734.0
732.0
726.0
717.0
674.0
605.0
669.0
689.0
656.0
618.0
615.0
617.0
620.0
678.0
672.0
721.0
690.0
651.0
693.0
672.0
652.0
651.0
664.0
702.0
715.0
733.0
712.0
724.0
683.0
654.0
684.0
649.0
661.0
676.0
634.0
635.0
662.0
660.0
629.0
620.0
615.0
643.0
647.0
648.0
671.0
619.0
591.0
590.0
580.0
606.0
597.0
582.0
569.0
550.0
592.0
611.0
629.0
613.0
648.0
659.0
685.0
662.0
654.0
625.0
647.0
643.0
644.0
602.0
555.0
587.0
602.0
622.0
640.0
658.0
607.0
640.0
586.0
574.0
602.0
611.0
622.0
587.0
555.0
544.0
544.0
556.0
573.0
572.0
606.0
563.0
538.0
536.0
562.0
590.0
569.0
553.0
561.0
571.0
569.0
578.0
606.0
597.0
621.0
639.0
642.0
653.0
653.0
623.0
672.0
661.0
642.0
628.0
658.0
680.0
691.0
681.0
659.0
655.0
644.0
671.0
653.0
649.0
664.0
632.0
662.0
668.0
644.0
612.0
562.0
557.0
585.0
565.0
552.0
492.0
490.0
499.0
508.0
486.0
503.0
502.0
498.0
484.0
545.0
501.0
499.0
501.0
527.0
529.0
582.0
588.0
585.0
590.0
564.0
533.0
519.0
533.0
555.0
539.0
543.0
586.0
566.0
569.0
537.0
513.0
507.0
501.0
519.0
516.0
495.0
493.0
518.0
538.0
511.0
542.0
540.0
533.0
528.0
524.0
523.0
560.0
559.0
575.0
574.0
540.0
556.0
568.0
562.0
601.0
598.0
631.0
632.0
645.0
622.0
592.0
589.0
554.0
530.0
528.0
481.0
444.0
437.0
480.0
505.0
509.0
555.0
541.0
496.0
489.0
535.0
532.0
489.0
490.0
509.0
508.0
501.0
470.0
532.0
536.0
514.0
513.0
533.0
556.0
561.0
582.0
572.0
555.0
596.0
616.0
637.0
637.0
683.0
677.0
644.0
671.0
667.0
624.0
629.0
579.0
605.0
600.0
604.0
618.0
594.0
599.0
599.0
608.0
643.0
671.0
634.0
619.0
651.0
661.0
634.0
615.0
615.0
629.0
618.0
657.0
662.0
668.0
686.0
725.0
759.0
789.0
742.0
721.0
744.0
713.0
701.0
712.0
736.0
744.0
743.0
754.0
694.0
703.0
692.0
661.0
680.0
676.0
676.0
675.0
664.0
644.0
689.0
681.0
622.0
628.0
644.0
664.0
661.0
690.0
680.0
681.0
687.0
