336 -3 -3 7 336 -1 1 6 336 3 1 7 336 -2 2 5 336 1 1 7 0 1 -2 40 0 1 -1 15 0 1 3 6 0 -1 3 10 0 2 -2 15 336 -2 1 5 0 -3 -3 30 0 3 -1 27 0 3 -2 39 0 -1 -1 18 0 -1 1 27 336 -3 3 5 0 3 -3 37 0 -3 -2 22 0 -2 2 34 0 3 1 20 0 1 2 37 38 2 3 8 0 3 2 9 0 -3 2 41 0 1 -3 22 0 -1 2 24 0 1 1 49 0 -2 -3 15 137 1 -3 4 0 -2 1 14 76 -1 1 3 0 -2 3 23 0 -2 -1 12 38 -2 -1 5 0 2 -1 29 76 2 -2 5 0 -1 -2 21 0 3 3 10 0 -3 1 22 0 2 2 10 0 -1 -3 13 0 2 1 24 137 -1 -1 2 0 -3 3 21 19 -3 1 8 19 3 1 5 38 1 1 4 0 -3 -1 6 38 3 -2 5 19 -3 3 4 19 -2 -3 4 19 3 -1 2 19 -1 -2 2 38 3 3 4 76 2 2 3 416 2 2 4 137 -1 3 2 76 -2 -3 2 19 3 2 3 19 -2 -1 1 416 -1 1 1 76 3 3 1 137 -2 -1 2 
336 1 2 5 0 1 -2 82 0 1 -1 34 0 -1 3 18 0 2 -2 28 336 -3 -1 6 0 -3 -3 60 0 3 -1 51 0 3 -2 75 0 -1 -1 33 0 -1 1 50 336 3 -1 4 0 3 -3 69 0 -3 -2 37 0 -2 2 69 0 3 1 47 0 1 2 81 137 -3 -3 4 38 2 3 16 0 -3 2 85 0 2 -3 14 38 3 -1 5 0 1 -3 45 0 -1 2 50 0 1 1 106 0 -2 -3 34 0 -2 1 27 76 -1 1 8 0 -2 3 39 0 -2 -1 21 0 2 -1 65 0 -1 -2 31 0 3 3 13 38 -2 2 15 137 1 -2 2 0 -3 1 48 0 2 1 52 137 -1 -1 7 0 -3 3 46 38 1 -3 3 76 -1 3 4 416 2 3 8 19 3 1 11 38 1 1 9 0 -3 -1 13 19 2 2 12 416 2 -3 4 76 2 2 8 416 -3 2 8 416 2 2 9 76 2 -3 4 137 2 -1 2 416 -3 -1 4 38 -1 1 3 368 1 1 1 337 -3 -3 1 
336 1 -3 10 336 1 2 10 336 2 3 14 0 1 -2 106 0 1 -1 46 0 3 -2 92 0 -1 -1 43 0 -1 1 66 0 -3 -2 47 0 -2 -2 63 0 3 1 63 0 1 2 103 0 1 -3 59 0 -1 2 70 0 1 1 153 0 -2 1 39 0 -2 -1 35 0 2 -1 89 76 2 -2 14 0 -1 -2 39 0 -1 -3 39 0 2 1 66 137 2 1 10 416 2 3 15 38 1 1 14 416 2 1 12 76 -3 2 5 110 -1 2 3 137 2 -2 9 416 -3 2 16 416 -1 1 3 416 -3 -1 9 76 3 -2 2 136 1 -1 4 205 1 -1 2 448 1 -1 3 17 1 -1 1 
336 1 2 15 336 -2 2 12 336 2 3 18 336 1 1 19 0 1 3 26 0 3 -2 98 0 -1 -1 53 0 -1 1 81 0 -3 -2 52 0 -2 -2 85 38 3 -1 9 0 1 1 190 0 -2 -3 56 0 -2 1 45 0 -2 -1 43 0 3 3 19 205 -2 -2 6 416 -1 2 11 416 2 -2 5 76 2 -1 10 137 -2 -1 6 136 1 -1 9 448 1 -1 8 422 3 2 2 496 1 -2 2 
336 1 -3 15 336 1 2 20 336 -1 3 11 336 -3 -1 16 0 -1 -1 63 0 -1 1 95 0 3 -3 107 0 -3 -2 57 0 -2 -2 94 0 2 -3 37 0 1 1 215 0 -2 -3 61 0 2 -1 105 76 2 -2 20 38 -2 2 25 76 2 -1 14 137 -2 -1 11 416 -3 -1 12 416 -3 3 8 38 -1 1 12 19 -1 3 3 110 -2 3 1 
336 -1 3 14 0 3 -1 68 0 3 -2 106 0 3 -3 117 0 -3 -2 62 0 -2 -2 97 0 1 -3 69 0 -3 1 66 0 2 3 15 137 2 1 20 416 2 1 24 137 2 -2 21 38 -1 1 19 110 2 -3 1 
336 -2 2 19 336 1 1 30 0 1 3 37 336 3 -1 12 0 -3 -2 67 0 2 -3 53 76 -2 1 3 416 2 3 26 496 -1 3 6 136 -1 3 2 422 1 -1 1 
336 -3 -1 26 0 -3 -2 72 0 2 -3 62 38 -2 2 35 0 -3 1 79 38 2 -1 5 76 2 -1 19 336 3 2 4 38 -1 1 27 422 3 2 7 
336 -1 3 21 336 3 -1 17 0 -3 -2 77 0 -2 -2 113 0 2 -3 70 0 1 -3 79 38 1 -1 6 0 -3 1 84 137 2 1 30 137 2 -2 32 
336 -2 2 26 336 -1 3 24 336 1 1 40 0 1 3 47 0 -3 -2 82 137 2 3 6 0 2 -3 82 0 -3 1 89 336 3 2 11 38 -1 1 32 
336 -3 -1 36 0 -3 -2 87 0 2 -3 87 38 1 -1 12 38 -2 2 45 0 -3 1 94 416 2 3 37 496 -1 3 11 
0 -3 -2 92 0 1 -3 89 0 -3 1 99 137 2 1 40 416 2 3 42 0 -3 -1 33 137 2 -2 42 422 3 2 12 
336 -1 3 31 336 1 1 50 0 1 3 57 0 -3 -2 97 0 -2 -2 131 0 -3 1 104 336 3 2 22 
336 -1 3 34 0 -3 -2 102 0 -2 -2 137 38 -2 2 55 0 -3 1 109 0 -3 -1 39 
336 3 1 21 0 1 -1 69 0 -1 1 101 0 -3 -2 107 0 1 -3 99 336 3 2 29 144 -3 -2 1 
336 1 1 60 0 -3 -2 112 205 2 -2 6 38 1 -3 7 416 2 3 53 0 -3 -1 45 
0 -3 -2 117 0 -2 -2 151 38 -2 2 65 
0 -3 -2 122 0 -2 -2 156 0 1 -3 109 
336 1 1 70 0 -3 -2 127 0 -2 -2 161 
0 -3 -2 132 0 -2 -2 165 38 -2 2 75 
0 -3 -2 137 0 1 -3 119 416 2 3 69 
336 1 1 80 0 -3 -2 142 422 -2 -3 10 
0 -3 -2 147 0 -2 -2 180 38 -2 2 85 
336 3 1 28 0 -3 -2 152 0 1 -3 129 
336 1 1 90 0 -3 -2 157 416 2 3 80 
0 -3 -2 162 38 -2 2 95 416 2 3 85 
0 -3 -2 167 0 -2 -2 199 0 1 -3 139 
336 1 1 100 0 -3 -2 172 0 -2 -2 204 
0 -3 -2 177 0 -2 -2 207 38 -2 2 105 
0 -3 -2 182 0 1 -3 149 416 2 3 96 
336 1 1 110 0 -3 -2 187 38 2 -1 15 
0 -3 -2 192 0 -2 -2 223 38 -2 2 115 
0 -3 -2 197 137 2 3 16 0 1 -3 159 
336 1 1 120 0 -3 -2 202 416 2 3 107 
0 -3 -2 207 38 -2 2 125 416 2 3 112 
0 -3 -2 212 0 -2 -2 241 0 1 -3 169 
336 1 1 130 0 -3 -2 217 0 -2 -2 247 
336 3 1 41 0 -3 -2 222 38 -2 2 135 
0 -3 -2 227 0 1 -3 179 416 2 3 123 
336 1 1 140 0 -3 -2 232 0 -2 -2 261 
0 -3 -2 237 0 -2 -2 266 38 -2 2 145 
0 -3 -2 242 0 -2 -2 271 0 1 -3 189 
336 1 1 150 0 -3 -2 247 0 -2 -2 275 
0 -3 -2 252 38 -2 2 155 416 2 3 139 
0 -3 -2 257 0 1 -3 199 422 -2 -3 20 
336 1 1 160 0 -3 -2 262 0 -2 -2 290 
336 3 1 48 0 -3 -2 267 38 -2 2 165 
0 -3 -2 272 0 1 -3 209 416 2 3 150 
336 1 1 170 0 -3 -2 277 416 2 3 155 
0 -3 -2 282 0 -2 -2 309 38 -2 2 175 
0 -3 -2 287 0 -2 -2 314 0 1 -3 219 
336 1 1 180 0 -3 -2 292 0 -2 -2 317 
0 -3 -2 297 38 -2 2 185 416 2 3 166 
0 -3 -2 302 0 1 -3 229 38 2 -1 25 
336 1 1 190 0 -3 -2 307 0 -2 -2 333 
0 -3 -2 312 137 2 3 26 38 -2 2 195 
0 -3 -2 317 0 1 -3 239 416 2 3 177 
336 1 1 200 0 -3 -2 322 416 2 3 182 
0 -3 -2 327 0 -2 -2 351 38 -2 2 205 
0 -3 -2 332 0 -2 -2 357 0 1 -3 249 
336 3 1 61 336 1 1 210 0 -3 -2 337 
0 -3 -2 342 38 -2 2 215 416 2 3 193 
0 -3 -2 347 0 -2 -2 371 0 1 -3 259 
336 1 1 220 0 -3 -2 352 0 -2 -2 376 
0 -3 -2 357 0 -2 -2 381 38 -2 2 225 
0 -3 -2 362 0 -2 -2 385 0 1 -3 269 
336 1 1 230 0 -3 -2 367 416 2 3 209 
0 -3 -2 372 38 -2 2 235 422 -2 -3 30 
0 -3 -2 377 0 -2 -2 400 0 1 -3 279 
336 3 1 68 336 1 1 240 0 -3 -2 382 
0 -3 -2 387 38 -2 2 245 416 2 3 220 
0 -3 -2 392 0 1 -3 289 416 2 3 225 
336 1 1 250 0 -3 -2 397 0 -2 -2 419 
0 -3 -2 402 0 -2 -2 424 38 -2 2 255 
0 -3 -2 407 0 -2 -2 427 0 1 -3 299 
336 1 1 260 0 -3 -2 412 416 2 3 236 
0 -3 -2 417 38 -2 2 265 38 2 -1 35 
0 -3 -2 422 0 -2 -2 443 0 1 -3 309 
336 1 1 270 0 -3 -2 427 137 2 3 36 
0 -3 -2 432 38 -2 2 275 416 2 3 247 
0 -3 -2 437 0 1 -3 319 416 2 3 252 
336 1 1 280 0 -3 -2 442 0 -2 -2 461 
0 -3 -2 447 0 -2 -2 467 38 -2 2 285 
336 3 1 81 0 -3 -2 452 0 1 -3 329 
336 1 1 290 0 -3 -2 457 416 2 3 263 
0 -3 -2 462 0 -2 -2 481 38 -2 2 295 
0 -3 -2 467 0 -2 -2 486 0 1 -3 339 
336 1 1 300 0 -3 -2 472 0 -2 -2 491 
0 -3 -2 477 0 -2 -2 495 38 -2 2 305 
0 -3 -2 482 0 1 -3 349 416 2 3 279 
336 1 1 310 0 -3 -2 487 422 -2 -3 40 
0 -3 -2 492 0 -2 -2 510 38 -2 2 315 
336 3 1 88 0 -3 -2 497 0 1 -3 359 
336 1 1 320 0 -3 -2 502 416 2 3 290 
0 -3 -2 507 38 -2 2 325 416 2 3 295 
0 -3 -2 512 0 -2 -2 529 0 1 -3 369 
336 1 1 330 0 -3 -2 517 0 -2 -2 534 
0 -3 -2 522 0 -2 -2 537 38 -2 2 335 
0 -3 -2 527 0 1 -3 379 416 2 3 306 
336 1 1 340 0 -3 -2 532 38 2 -1 45 
0 -3 -2 537 0 -2 -2 553 38 -2 2 345 
0 -3 -2 542 137 2 3 46 0 1 -3 389 
336 1 1 350 0 -3 -2 547 416 2 3 317 
0 -3 -2 552 38 -2 2 355 416 2 3 322 
0 -3 -2 557 0 -2 -2 571 0 1 -3 399 
336 1 1 360 0 -3 -2 562 0 -2 -2 577 
336 3 1 101 0 -3 -2 567 38 -2 2 365 
0 -3 -2 572 0 1 -3 409 416 2 3 333 
336 1 1 370 0 -3 -2 577 0 -2 -2 591 
0 -3 -2 582 0 -2 -2 596 38 -2 2 375 
0 -3 -2 587 0 -2 -2 601 0 1 -3 419 
336 1 1 380 0 -3 -2 592 0 -2 -2 605 
0 -3 -2 597 38 -2 2 385 416 2 3 349 
0 -3 -2 602 0 1 -3 429 422 -2 -3 50 
336 1 1 390 0 -3 -2 607 0 -2 -2 620 
336 3 1 108 0 -3 -2 612 38 -2 2 395 
0 -3 -2 617 0 1 -3 439 416 2 3 360 
336 1 1 400 0 -3 -2 622 416 2 3 365 
0 -3 -2 627 0 -2 -2 639 38 -2 2 405 
0 -3 -2 632 0 -2 -2 644 0 1 -3 449 
336 1 1 410 0 -3 -2 637 0 -2 -2 647 
0 -3 -2 642 38 -2 2 415 416 2 3 376 
0 -3 -2 647 0 1 -3 459 38 2 -1 55 
336 1 1 420 0 -3 -2 652 0 -2 -2 663 
0 -3 -2 657 137 2 3 56 38 -2 2 425 
0 -3 -2 662 0 1 -3 469 416 2 3 387 
336 1 1 430 0 -3 -2 667 416 2 3 392 
0 -3 -2 672 0 -2 -2 681 38 -2 2 435 
0 -3 -2 677 0 -2 -2 687 0 1 -3 479 
336 3 1 121 336 1 1 440 0 -3 -2 682 
0 -3 -2 687 38 -2 2 445 416 2 3 403 
0 -3 -2 692 0 -2 -2 701 0 1 -3 489 
336 1 1 450 0 -3 -2 697 0 -2 -2 706 
0 -3 -2 702 0 -2 -2 711 38 -2 2 455 
0 -3 -2 707 0 -2 -2 715 0 1 -3 499 
336 1 1 460 0 -3 -2 712 416 2 3 419 
0 -3 -2 717 38 -2 2 465 422 -2 -3 60 
0 -3 -2 722 0 -2 -2 730 0 1 -3 509 
336 3 1 128 336 1 1 470 0 -3 -2 727 
0 -3 -2 732 38 -2 2 475 416 2 3 430 
0 -3 -2 737 0 1 -3 519 416 2 3 435 
336 1 1 480 0 -3 -2 742 0 -2 -2 749 
0 -3 -2 747 0 -2 -2 754 38 -2 2 485 
0 -3 -2 752 0 -2 -2 757 0 1 -3 529 
336 1 1 490 0 -3 -2 757 416 2 3 446 
0 -3 -2 762 38 -2 2 495 38 2 -1 65 
0 -3 -2 767 0 -2 -2 773 0 1 -3 539 
336 1 1 500 0 -3 -2 772 137 2 3 66 
0 -3 -2 777 38 -2 2 505 416 2 3 457 
0 -3 -2 782 0 1 -3 549 416 2 3 462 
336 1 1 510 0 -3 -2 787 0 -2 -2 791 
0 -3 -2 792 0 -2 -2 797 38 -2 2 515 
336 3 1 141 0 -3 -2 797 0 1 -3 559 
336 1 1 520 0 -3 -2 802 416 2 3 473 
0 -3 -2 807 0 -2 -2 811 38 -2 2 525 
0 -3 -2 812 0 -2 -2 816 0 1 -3 569 
336 1 1 530 0 -3 -2 817 0 -2 -2 821 
0 -3 -2 822 0 -2 -2 825 38 -2 2 535 
0 -3 -2 827 0 1 -3 579 416 2 3 489 
336 1 1 540 0 -3 -2 832 422 -2 -3 70 
0 -3 -2 837 0 -2 -2 840 38 -2 2 545 
336 3 1 148 0 -3 -2 842 0 1 -3 589 
336 1 1 550 0 -3 -2 847 416 2 3 500 
0 -3 -2 852 38 -2 2 555 416 2 3 505 
0 -3 -2 857 0 -2 -2 859 0 1 -3 599 
336 1 1 560 0 -3 -2 862 0 -2 -2 864 
0 -3 -2 867 0 -2 -2 867 38 -2 2 565 
0 -3 -2 872 0 1 -3 609 416 2 3 516 
336 1 1 570 0 -3 -2 877 38 2 -1 75 
0 -3 -2 882 0 -2 -2 883 38 -2 2 575 
0 -3 -2 887 137 2 3 76 0 1 -3 619 
336 1 1 580 0 -3 -2 892 416 2 3 527 
0 -3 -2 897 38 -2 2 585 416 2 3 532 
0 -3 -2 902 0 -2 -2 901 0 1 -3 629 
336 1 1 590 0 -3 -2 907 0 -2 -2 907 
336 3 1 161 0 -3 -2 912 38 -2 2 595 
0 -3 -2 917 0 1 -3 639 416 2 3 543 
336 1 1 600 0 -3 -2 922 0 -2 -2 921 
0 -3 -2 927 0 -2 -2 926 38 -2 2 605 
0 -3 -2 932 0 -2 -2 931 0 1 -3 649 
336 1 1 610 0 -3 -2 937 0 -2 -2 935 
0 -3 -2 942 38 -2 2 615 416 2 3 559 
0 -3 -2 947 0 1 -3 659 422 -2 -3 80 
336 1 1 620 0 -3 -2 952 0 -2 -2 950 
336 3 1 168 0 -3 -2 957 38 -2 2 625 
0 -3 -2 962 0 1 -3 669 416 2 3 570 
336 1 1 630 0 -3 -2 967 416 2 3 575 
0 -3 -2 972 0 -2 -2 969 38 -2 2 635 
0 -3 -2 977 0 -2 -2 974 0 1 -3 679 
336 1 1 640 0 -3 -2 982 0 -2 -2 977 
0 -3 -2 987 38 -2 2 645 416 2 3 586 
0 -3 -2 992 0 1 -3 689 38 2 -1 85 
336 1 1 650 0 -3 -2 997 0 -2 -2 993 
0 -3 -2 1002 137 2 3 86 38 -2 2 655 
0 -3 -2 1007 0 1 -3 699 416 2 3 597 
336 1 1 660 0 -3 -2 1012 416 2 3 602 
0 -3 -2 1017 0 -2 -2 1011 38 -2 2 665 
0 -3 -2 1022 0 -2 -2 1017 0 1 -3 709 
336 3 1 181 336 1 1 670 0 -3 -2 1027 
0 -3 -2 1032 38 -2 2 675 416 2 3 613 
0 -3 -2 1037 0 -2 -2 1031 0 1 -3 719 
336 1 1 680 0 -3 -2 1042 0 -2 -2 1036 
0 -3 -2 1047 0 -2 -2 1041 38 -2 2 685 
0 -3 -2 1052 0 -2 -2 1045 0 1 -3 729 
336 1 1 690 0 -3 -2 1057 416 2 3 629 
0 -3 -2 1062 38 -2 2 695 422 -2 -3 90 
0 -3 -2 1067 0 -2 -2 1060 0 1 -3 739 
336 3 1 188 336 1 1 700 0 -3 -2 1072 
0 -3 -2 1077 38 -2 2 705 416 2 3 640 
0 -3 -2 1082 0 1 -3 749 416 2 3 645 
336 1 1 710 0 -3 -2 1087 0 -2 -2 1079 
0 -3 -2 1092 0 -2 -2 1084 38 -2 2 715 
0 -3 -2 1097 0 -2 -2 1087 0 1 -3 759 
336 1 1 720 0 -3 -2 1102 416 2 3 656 
0 -3 -2 1107 38 -2 2 725 38 2 -1 95 
0 -3 -2 1112 0 -2 -2 1103 0 1 -3 769 
336 1 1 730 0 -3 -2 1117 137 2 3 96 
0 -3 -2 1122 38 -2 2 735 416 2 3 667 
0 -3 -2 1127 0 1 -3 779 416 2 3 672 
336 1 1 740 0 -3 -2 1132 0 -2 -2 1121 
0 -3 -2 1137 0 -2 -2 1127 38 -2 2 745 
336 3 1 201 0 -3 -2 1142 0 1 -3 789 
336 1 1 750 0 -3 -2 1147 416 2 3 683 
0 -3 -2 1152 0 -2 -2 1141 38 -2 2 755 
0 -3 -2 1157 0 -2 -2 1146 0 1 -3 799 
336 1 1 760 0 -3 -2 1162 0 -2 -2 1151 
0 -3 -2 1167 0 -2 -2 1155 38 -2 2 765 
0 -3 -2 1172 0 1 -3 809 416 2 3 699 
336 1 1 770 0 -3 -2 1177 422 -2 -3 100 
0 -3 -2 1182 0 -2 -2 1170 38 -2 2 775 
336 3 1 208 0 -3 -2 1187 0 1 -3 819 
336 1 1 780 0 -3 -2 1192 416 2 3 710 
0 -3 -2 1197 38 -2 2 785 416 2 3 715 
0 -3 -2 1202 0 -2 -2 1189 0 1 -3 829 
336 1 1 790 0 -3 -2 1207 0 -2 -2 1194 
0 -3 -2 1212 0 -2 -2 1197 38 -2 2 795 
0 -3 -2 1217 0 1 -3 839 416 2 3 726 
336 1 1 800 0 -3 -2 1222 38 2 -1 105 
0 -3 -2 1227 0 -2 -2 1213 38 -2 2 805 
0 -3 -2 1232 137 2 3 106 0 1 -3 849 
336 1 1 810 0 -3 -2 1237 416 2 3 737 
0 -3 -2 1242 38 -2 2 815 416 2 3 742 
0 -3 -2 1247 0 -2 -2 1231 0 1 -3 859 
336 1 1 820 0 -3 -2 1252 0 -2 -2 1237 
336 3 1 221 0 -3 -2 1257 38 -2 2 825 
0 -3 -2 1262 0 1 -3 869 416 2 3 753 
336 1 1 830 0 -3 -2 1267 0 -2 -2 1251 
0 -3 -2 1272 0 -2 -2 1256 38 -2 2 835 
0 -3 -2 1277 0 -2 -2 1261 0 1 -3 879 
336 1 1 840 0 -3 -2 1282 0 -2 -2 1265 
0 -3 -2 1287 38 -2 2 845 416 2 3 769 
0 -3 -2 1292 0 1 -3 889 422 -2 -3 110 
336 1 1 850 0 -3 -2 1297 0 -2 -2 1280 
336 3 1 228 0 -3 -2 1302 38 -2 2 855 
0 -3 -2 1307 0 1 -3 899 416 2 3 780 
336 1 1 860 0 -3 -2 1312 416 2 3 785 
0 -3 -2 1317 0 -2 -2 1299 38 -2 2 865 
0 -3 -2 1322 0 -2 -2 1304 0 1 -3 909 
336 1 1 870 0 -3 -2 1327 0 -2 -2 1307 
0 -3 -2 1332 38 -2 2 875 416 2 3 796 
0 -3 -2 1337 0 1 -3 919 38 2 -1 115 
336 1 1 880 0 -3 -2 1342 0 -2 -2 1323 
0 -3 -2 1347 137 2 3 116 38 -2 2 885 
0 -3 -2 1352 0 1 -3 929 416 2 3 807 
336 1 1 890 0 -3 -2 1357 416 2 3 812 
0 -3 -2 1362 0 -2 -2 1341 38 -2 2 895 
0 -3 -2 1367 0 -2 -2 1347 0 1 -3 939 
336 3 1 241 336 1 1 900 0 -3 -2 1372 
0 -3 -2 1377 38 -2 2 905 416 2 3 823 
0 -3 -2 1382 0 -2 -2 1361 0 1 -3 949 
336 1 1 910 0 -3 -2 1387 0 -2 -2 1366 
0 -3 -2 1392 0 -2 -2 1371 38 -2 2 915 
0 -3 -2 1397 0 -2 -2 1375 0 1 -3 959 
336 1 1 920 0 -3 -2 1402 416 2 3 839 
0 -3 -2 1407 38 -2 2 925 422 -2 -3 120 
0 -3 -2 1412 0 -2 -2 1390 0 1 -3 969 
336 3 1 248 336 1 1 930 0 -3 -2 1417 
0 -3 -2 1422 38 -2 2 935 416 2 3 850 
0 -3 -2 1427 0 1 -3 979 416 2 3 855 
336 1 1 940 0 -3 -2 1432 0 -2 -2 1409 
0 -3 -2 1437 0 -2 -2 1414 38 -2 2 945 
0 -3 -2 1442 0 -2 -2 1417 0 1 -3 989 
336 1 1 950 0 -3 -2 1447 416 2 3 866 
0 -3 -2 1452 38 -2 2 955 38 2 -1 125 
0 -3 -2 1457 0 -2 -2 1433 0 1 -3 999 
336 1 1 960 0 -3 -2 1462 137 2 3 126 
0 -3 -2 1467 38 -2 2 965 416 2 3 877 
0 -3 -2 1472 0 1 -3 1009 416 2 3 882 
336 1 1 970 0 -3 -2 1477 0 -2 -2 1451 
0 -3 -2 1482 0 -2 -2 1457 38 -2 2 975 
336 3 1 261 0 -3 -2 1487 0 1 -3 1019 
336 1 1 980 0 -3 -2 1492 416 2 3 893 
0 -3 -2 1497 0 -2 -2 1471 38 -2 2 985 
0 -3 -2 1502 0 -2 -2 1476 0 1 -3 1029 
336 1 1 990 0 -3 -2 1507 0 -2 -2 1481 
0 -3 -2 1512 0 -2 -2 1485 38 -2 2 995 
0 -3 -2 1517 0 1 -3 1039 416 2 3 909 
336 1 1 1000 0 -3 -2 1522 422 -2 -3 130 
0 -3 -2 1527 0 -2 -2 1500 38 -2 2 1005 
336 3 1 268 0 -3 -2 1532 0 1 -3 1049 
336 1 1 1010 0 -3 -2 1537 416 2 3 920 
0 -3 -2 1542 38 -2 2 1015 416 2 3 925 
0 -3 -2 1547 0 -2 -2 1519 0 1 -3 1059 
336 1 1 1020 0 -3 -2 1552 0 -2 -2 1524 
0 -3 -2 1557 0 -2 -2 1527 38 -2 2 1025 
0 -3 -2 1562 0 1 -3 1069 416 2 3 936 
336 1 1 1030 0 -3 -2 1567 38 2 -1 135 
0 -3 -2 1572 0 -2 -2 1543 38 -2 2 1035 
0 -3 -2 1577 137 2 3 136 0 1 -3 1079 
336 1 1 1040 0 -3 -2 1582 416 2 3 947 
0 -3 -2 1587 38 -2 2 1045 416 2 3 952 
0 -3 -2 1592 0 -2 -2 1561 0 1 -3 1089 
336 1 1 1050 0 -3 -2 1597 0 -2 -2 1567 
336 3 1 281 0 -3 -2 1602 38 -2 2 1055 
0 -3 -2 1607 0 1 -3 1099 416 2 3 963 
336 1 1 1060 0 -3 -2 1612 0 -2 -2 1581 
0 -3 -2 1617 0 -2 -2 1586 38 -2 2 1065 
0 -3 -2 1622 0 -2 -2 1591 0 1 -3 1109 
336 1 1 1070 0 -3 -2 1627 0 -2 -2 1595 
0 -3 -2 1632 38 -2 2 1075 416 2 3 979 
0 -3 -2 1637 0 1 -3 1119 422 -2 -3 140 
336 1 1 1080 0 -3 -2 1642 0 -2 -2 1610 
336 3 1 288 0 -3 -2 1647 38 -2 2 1085 
0 -3 -2 1652 0 1 -3 1129 416 2 3 990 
336 1 1 1090 0 -3 -2 1657 416 2 3 995 
0 -3 -2 1662 0 -2 -2 1629 38 -2 2 1095 
0 -3 -2 1667 0 -2 -2 1634 0 1 -3 1139 
336 1 1 1100 0 -3 -2 1672 0 -2 -2 1637 
0 -3 -2 1677 38 -2 2 1105 416 2 3 1006 
0 -3 -2 1682 0 1 -3 1149 38 2 -1 145 
336 1 1 1110 0 -3 -2 1687 0 -2 -2 1653 
0 -3 -2 1692 137 2 3 146 38 -2 2 1115 
0 -3 -2 1697 0 1 -3 1159 416 2 3 1017 
336 1 1 1120 0 -3 -2 1702 416 2 3 1022 
0 -3 -2 1707 0 -2 -2 1671 38 -2 2 1125 
0 -3 -2 1712 0 -2 -2 1677 0 1 -3 1169 
336 3 1 301 336 1 1 1130 0 -3 -2 1717 
0 -3 -2 1722 38 -2 2 1135 416 2 3 1033 
0 -3 -2 1727 0 -2 -2 1691 0 1 -3 1179 
336 1 1 1140 0 -3 -2 1732 0 -2 -2 1696 
0 -3 -2 1737 0 -2 -2 1701 38 -2 2 1145 
0 -3 -2 1742 0 -2 -2 1705 0 1 -3 1189 
336 1 1 1150 0 -3 -2 1747 416 2 3 1049 
0 -3 -2 1752 38 -2 2 1155 422 -2 -3 150 
0 -3 -2 1757 0 -2 -2 1720 0 1 -3 1199 
336 3 1 308 336 1 1 1160 0 -3 -2 1762 
0 -3 -2 1767 38 -2 2 1165 416 2 3 1060 
0 -3 -2 1772 0 1 -3 1209 416 2 3 1065 
336 1 1 1170 0 -3 -2 1777 0 -2 -2 1739 
0 -3 -2 1782 0 -2 -2 1744 38 -2 2 1175 
0 -3 -2 1787 0 -2 -2 1747 0 1 -3 1219 
336 1 1 1180 0 -3 -2 1792 416 2 3 1076 
0 -3 -2 1797 38 -2 2 1185 38 2 -1 155 
0 -3 -2 1802 0 -2 -2 1763 0 1 -3 1229 
336 1 1 1190 0 -3 -2 1807 137 2 3 156 
0 -3 -2 1812 38 -2 2 1195 416 2 3 1087 
0 -3 -2 1817 0 1 -3 1239 416 2 3 1092 
336 1 1 1200 0 -3 -2 1822 0 -2 -2 1781 
0 -3 -2 1827 0 -2 -2 1787 38 -2 2 1205 
336 3 1 321 0 -3 -2 1832 0 1 -3 1249 
336 1 1 1210 0 -3 -2 1837 416 2 3 1103 
0 -3 -2 1842 0 -2 -2 1801 38 -2 2 1215 
0 -3 -2 1847 0 -2 -2 1806 0 1 -3 1259 
336 1 1 1220 0 -3 -2 1852 0 -2 -2 1811 
0 -3 -2 1857 0 -2 -2 1815 38 -2 2 1225 
0 -3 -2 1862 0 1 -3 1269 416 2 3 1119 
336 1 1 1230 0 -3 -2 1867 422 -2 -3 160 
0 -3 -2 1872 0 -2 -2 1830 38 -2 2 1235 
336 3 1 328 0 -3 -2 1877 0 1 -3 1279 
336 1 1 1240 0 -3 -2 1882 416 2 3 1130 
0 -3 -2 1887 38 -2 2 1245 416 2 3 1135 
0 -3 -2 1892 0 -2 -2 1849 0 1 -3 1289 
336 1 1 1250 0 -3 -2 1897 0 -2 -2 1854 
0 -3 -2 1902 0 -2 -2 1857 38 -2 2 1255 
0 -3 -2 1907 0 1 -3 1299 416 2 3 1146 
336 1 1 1260 0 -3 -2 1912 38 2 -1 165 
0 -3 -2 1917 0 -2 -2 1873 38 -2 2 1265 
0 -3 -2 1922 137 2 3 166 0 1 -3 1309 
336 1 1 1270 0 -3 -2 1927 416 2 3 1157 
0 -3 -2 1932 38 -2 2 1275 416 2 3 1162 
0 -3 -2 1937 0 -2 -2 1891 0 1 -3 1319 
336 1 1 1280 0 -3 -2 1942 0 -2 -2 1897 
336 3 1 341 0 -3 -2 1947 38 -2 2 1285 
0 -3 -2 1952 0 1 -3 1329 416 2 3 1173 
336 1 1 1290 0 -3 -2 1957 0 -2 -2 1911 
0 -3 -2 1962 0 -2 -2 1916 38 -2 2 1295 
0 -3 -2 1967 0 -2 -2 1921 0 1 -3 1339 
336 1 1 1300 0 -3 -2 1972 0 -2 -2 1925 
0 -3 -2 1977 38 -2 2 1305 416 2 3 1189 
0 -3 -2 1982 0 1 -3 1349 422 -2 -3 170 
336 1 1 1310 0 -3 -2 1987 0 -2 -2 1940 
336 3 1 348 0 -3 -2 1992 38 -2 2 1315 
0 -3 -2 1997 0 1 -3 1359 416 2 3 1200 
336 1 1 1320 0 -3 -2 2002 416 2 3 1205 
0 -3 -2 2007 0 -2 -2 1959 38 -2 2 1325 
0 -3 -2 2012 0 -2 -2 1964 0 1 -3 1369 
336 1 1 1330 0 -3 -2 2017 0 -2 -2 1967 
0 -3 -2 2022 38 -2 2 1335 416 2 3 1216 
0 -3 -2 2027 0 1 -3 1379 38 2 -1 175 
336 1 1 1340 0 -3 -2 2032 0 -2 -2 1983 
0 -3 -2 2037 137 2 3 176 38 -2 2 1345 
0 -3 -2 2042 0 1 -3 1389 416 2 3 1227 
336 1 1 1350 0 -3 -2 2047 416 2 3 1232 
0 -3 -2 2052 0 -2 -2 2001 38 -2 2 1355 
0 -3 -2 2057 0 -2 -2 2007 0 1 -3 1399 
336 3 1 361 336 1 1 1360 0 -3 -2 2062 
0 -3 -2 2067 38 -2 2 1365 416 2 3 1243 
0 -3 -2 2072 0 -2 -2 2021 0 1 -3 1409 
336 1 1 1370 0 -3 -2 2077 0 -2 -2 2026 
0 -3 -2 2082 0 -2 -2 2031 38 -2 2 1375 
0 -3 -2 2087 0 -2 -2 2035 0 1 -3 1419 
336 1 1 1380 0 -3 -2 2092 416 2 3 1259 
0 -3 -2 2097 38 -2 2 1385 422 -2 -3 180 
0 -3 -2 2102 0 -2 -2 2050 0 1 -3 1429 
336 3 1 368 336 1 1 1390 0 -3 -2 2107 
0 -3 -2 2112 38 -2 2 1395 416 2 3 1270 
0 -3 -2 2117 0 1 -3 1439 416 2 3 1275 
336 1 1 1400 0 -3 -2 2122 0 -2 -2 2069 
0 -3 -2 2127 0 -2 -2 2074 38 -2 2 1405 
0 -3 -2 2132 0 -2 -2 2077 0 1 -3 1449 
336 1 1 1410 0 -3 -2 2137 416 2 3 1286 
0 -3 -2 2142 38 -2 2 1415 38 2 -1 185 
0 -3 -2 2147 0 -2 -2 2093 0 1 -3 1459 
336 1 1 1420 0 -3 -2 2152 137 2 3 186 
0 -3 -2 2157 38 -2 2 1425 416 2 3 1297 
0 -3 -2 2162 0 1 -3 1469 416 2 3 1302 
336 1 1 1430 0 -3 -2 2167 0 -2 -2 2111 
0 -3 -2 2172 0 -2 -2 2117 38 -2 2 1435 
336 3 1 381 0 -3 -2 2177 0 1 -3 1479 
336 1 1 1440 0 -3 -2 2182 416 2 3 1313 
0 -3 -2 2187 0 -2 -2 2131 38 -2 2 1445 
0 -3 -2 2192 0 -2 -2 2136 0 1 -3 1489 
336 1 1 1450 0 -3 -2 2197 0 -2 -2 2141 
0 -3 -2 2202 0 -2 -2 2145 38 -2 2 1455 
0 -3 -2 2207 0 1 -3 1499 416 2 3 1329 
336 1 1 1460 0 -3 -2 2212 422 -2 -3 190 
0 -3 -2 2217 0 -2 -2 2160 38 -2 2 1465 
336 3 1 388 0 -3 -2 2222 0 1 -3 1509 
336 1 1 1470 0 -3 -2 2227 416 2 3 1340 
0 -3 -2 2232 38 -2 2 1475 416 2 3 1345 
0 -3 -2 2237 0 -2 -2 2179 0 1 -3 1519 
336 1 1 1480 0 -3 -2 2242 0 -2 -2 2184 
0 -3 -2 2247 0 -2 -2 2187 38 -2 2 1485 
0 -3 -2 2252 0 1 -3 1529 416 2 3 1356 
336 1 1 1490 0 -3 -2 2257 38 2 -1 195 
0 -3 -2 2262 0 -2 -2 2203 38 -2 2 1495 
0 -3 -2 2267 137 2 3 196 0 1 -3 1539 
336 1 1 1500 0 -3 -2 2272 416 2 3 1367 
0 -3 -2 2277 38 -2 2 1505 416 2 3 1372 
0 -3 -2 2282 0 -2 -2 2221 0 1 -3 1549 
336 1 1 1510 0 -3 -2 2287 0 -2 -2 2227 
336 3 1 401 0 -3 -2 2292 38 -2 2 1515 
0 -3 -2 2297 0 1 -3 1559 416 2 3 1383 
336 1 1 1520 0 -3 -2 2302 0 -2 -2 2241 
0 -3 -2 2307 0 -2 -2 2246 38 -2 2 1525 
0 -3 -2 2312 0 -2 -2 2251 0 1 -3 1569 
336 1 1 1530 0 -3 -2 2317 0 -2 -2 2255 
0 -3 -2 2322 38 -2 2 1535 416 2 3 1399 
0 -3 -2 2327 0 1 -3 1579 422 -2 -3 200 
336 1 1 1540 0 -3 -2 2332 0 -2 -2 2270 
336 3 1 408 0 -3 -2 2337 38 -2 2 1545 
0 -3 -2 2342 0 1 -3 1589 416 2 3 1410 
336 1 1 1550 0 -3 -2 2347 416 2 3 1415 
0 -3 -2 2352 0 -2 -2 2289 38 -2 2 1555 
0 -3 -2 2357 0 -2 -2 2294 0 1 -3 1599 
336 1 1 1560 0 -3 -2 2362 0 -2 -2 2297 
0 -3 -2 2367 38 -2 2 1565 416 2 3 1426 
0 -3 -2 2372 0 1 -3 1609 38 2 -1 205 
336 1 1 1570 0 -3 -2 2377 0 -2 -2 2313 
0 -3 -2 2382 137 2 3 206 38 -2 2 1575 
0 -3 -2 2387 0 1 -3 1619 416 2 3 1437 
336 1 1 1580 0 -3 -2 2392 416 2 3 1442 
0 -3 -2 2397 0 -2 -2 2331 38 -2 2 1585 
0 -3 -2 2402 0 -2 -2 2337 0 1 -3 1629 
336 3 1 421 336 1 1 1590 0 -3 -2 2407 
0 -3 -2 2412 38 -2 2 1595 416 2 3 1453 
0 -3 -2 2417 0 -2 -2 2351 0 1 -3 1639 
336 1 1 1600 0 -3 -2 2422 0 -2 -2 2356 
0 -3 -2 2427 0 -2 -2 2361 38 -2 2 1605 
0 -3 -2 2432 0 -2 -2 2365 0 1 -3 1649 
336 1 1 1610 0 -3 -2 2437 416 2 3 1469 
0 -3 -2 2442 38 -2 2 1615 422 -2 -3 210 
0 -3 -2 2447 0 -2 -2 2380 0 1 -3 1659 
336 3 1 428 336 1 1 1620 0 -3 -2 2452 
0 -3 -2 2457 38 -2 2 1625 416 2 3 1480 
0 -3 -2 2462 0 1 -3 1669 416 2 3 1485 
336 1 1 1630 0 -3 -2 2467 0 -2 -2 2399 
0 -3 -2 2472 0 -2 -2 2404 38 -2 2 1635 
0 -3 -2 2477 0 -2 -2 2407 0 1 -3 1679 
336 1 1 1640 0 -3 -2 2482 416 2 3 1496 
0 -3 -2 2487 38 -2 2 1645 38 2 -1 215 
0 -3 -2 2492 0 -2 -2 2423 0 1 -3 1689 
336 1 1 1650 0 -3 -2 2497 137 2 3 216 
0 -3 -2 2502 38 -2 2 1655 416 2 3 1507 
0 -3 -2 2507 0 1 -3 1699 416 2 3 1512 
336 1 1 1660 0 -3 -2 2512 0 -2 -2 2441 
0 -3 -2 2517 0 -2 -2 2447 38 -2 2 1665 
336 3 1 441 0 -3 -2 2522 0 1 -3 1709 
336 1 1 1670 0 -3 -2 2527 416 2 3 1523 
0 -3 -2 2532 0 -2 -2 2461 38 -2 2 1675 
0 -3 -2 2537 0 -2 -2 2466 0 1 -3 1719 
336 1 1 1680 0 -3 -2 2542 0 -2 -2 2471 
0 -3 -2 2547 0 -2 -2 2475 38 -2 2 1685 
0 -3 -2 2552 0 1 -3 1729 416 2 3 1539 
336 1 1 1690 0 -3 -2 2557 422 -2 -3 220 
0 -3 -2 2562 0 -2 -2 2490 38 -2 2 1695 
336 3 1 448 0 -3 -2 2567 0 1 -3 1739 
336 1 1 1700 0 -3 -2 2572 416 2 3 1550 
0 -3 -2 2577 38 -2 2 1705 416 2 3 1555 
0 -3 -2 2582 0 -2 -2 2509 0 1 -3 1749 
336 1 1 1710 0 -3 -2 2587 0 -2 -2 2514 
0 -3 -2 2592 0 -2 -2 2517 38 -2 2 1715 
0 -3 -2 2597 0 1 -3 1759 416 2 3 1566 
336 1 1 1720 0 -3 -2 2602 38 2 -1 225 
0 -3 -2 2607 0 -2 -2 2533 38 -2 2 1725 
0 -3 -2 2612 137 2 3 226 0 1 -3 1769 
