28.0
17.0
14.0
16.0
20.0
17.0
31.0
22.0
23.0
16.0
23.0
28.0
29.0
38.0
49.0
72.0
102.0
106.0
125.0
141.0
143.0
162.0
173.0
183.0
204.0
185.0
183.0
173.0
159.0
140.0
154.0
165.0
177.0
167.0
175.0
177.0
203.0
177.0
182.0
203.0
191.0
180.0
188.0
190.0
204.0
207.0
221.0
213.0
196.0
228.0
218.0
236.0
241.0
231.0
240.0
264.0
298.0
339.0
365.0
389.0
409.0
473.0
524.0
594.0
676.0
751.0
830.0
824.0
901.0
926.0
1016.0
1029.0
1098.0
1205.0
1281.0
1313.0
1354.0
1411.0
1414.0
1409.0
1459.0
1568.0
1600.0
1615.0
1589.0
1600.0
1682.0
1652.0
1690.0
1686.0
1728.0
1781.0
1762.0
1784.0
1858.0
1787.0
1816.0
1826.0
1831.0
1833.0
1850.0
1867.0
1809.0
1861.0
1845.0
1940.0
1921.0
2003.0
1966.0
1957.0
2016.0
2042.0
2122.0
2140.0
2045.0
2022.0
2032.0
2062.0
2034.0
2117.0
2085.0
2081.0
2146.0
2133.0
2102.0
2148.0
2089.0
2159.0
2139.0
2184.0
2171.0
2174.0
2105.0
2129.0
2104.0
2095.0
2067.0
2066.0
2082.0
2091.0
2042.0
2089.0
2035.0
2126.0
2096.0
2096.0
2187.0
2151.0
2165.0
2094.0
2148.0
2171.0
2180.0
2206.0
2166.0
2161.0
2101.0
2119.0
2157.0
2133.0
2120.0
2144.0
2140.0
2187.0
2163.0
2122.0
2147.0
2166.0
2137.0
2206.0
2188.0
2173.0
2132.0
2178.0
2200.0
2184.0
2196.0
2163.0
2124.0
2182.0
2249.0
2203.0
2170.0
2193.0
2185.0
2174.0
2220.0
2216.0
2214.0
2234.0
2193.0
2158.0
2207.0
2134.0
2125.0
2137.0
2134.0
2139.0
2208.0
2240.0
2248.0
2259.0
2268.0
2209.0
2276.0
2260.0
2238.0
2162.0
2153.0
2161.0
2200.0
2238.0
2213.0
2196.0
2238.0
2173.0
2219.0
2229.0
2232.0
2234.0
2229.0
2244.0
2227.0
2288.0
2217.0
2246.0
2260.0
2232.0
2229.0
2224.0
2213.0
2261.0
2343.0
2278.0
2238.0
