126.0
94.0
70.0
45.0
39.0
41.0
39.0
36.0
36.0
39.0
43.0
41.0
50.0
52.0
58.0
64.0
65.0
71.0
81.0
88.0
108.0
123.0
137.0
150.0
159.0
183.0
200.0
223.0
233.0
258.0
303.0
340.0
382.0
416.0
467.0
517.0
554.0
609.0
660.0
719.0
761.0
820.0
892.0
935.0
1005.0
1077.0
1149.0
1200.0
1290.0
1332.0
1389.0
1463.0
1524.0
1579.0
1630.0
1676.0
1669.0
1686.0
1730.0
1741.0
1774.0
1823.0
1869.0
1848.0
1912.0
1897.0
1906.0
1932.0
1942.0
1961.0
1970.0
1993.0
1973.0
1972.0
1990.0
1997.0
1984.0
2014.0
1989.0
2003.0
2015.0
2031.0
2030.0
2043.0
2073.0
2100.0
2087.0
2113.0
2128.0
2132.0
2129.0
2139.0
2219.0
2185.0
2182.0
2182.0
2136.0
2168.0
2175.0
2150.0
2168.0
2172.0
2231.0
2252.0
2252.0
2206.0
2223.0
2211.0
2193.0
2209.0
2247.0
2241.0
2262.0
2271.0
2338.0
2393.0
2356.0
2405.0
2400.0
2436.0
2426.0
2411.0
2415.0
2410.0
2402.0
2409.0
2352.0
2383.0
2374.0
2406.0
2453.0
2416.0
2453.0
2475.0
2453.0
2434.0
2466.0
2512.0
2549.0
2556.0
2563.0
2526.0
2485.0
2497.0
2486.0
2512.0
2572.0
2545.0
2613.0
2599.0
2626.0
2608.0
2603.0
2605.0
2631.0
2600.0
2576.0
2575.0
2568.0
2575.0
2604.0
2553.0
2567.0
2582.0
2615.0
2642.0
2636.0
2618.0
2600.0
2601.0
2601.0
2617.0
2606.0
2560.0
2577.0
2609.0
2650.0
2634.0
2637.0
2606.0
2664.0
2660.0
2643.0
2675.0
2679.0
2675.0
2735.0
2772.0
2775.0
2787.0
2768.0
2734.0
2761.0
2741.0
2777.0
2791.0
2806.0
2756.0
2711.0
2731.0
2759.0
2802.0
2773.0
2841.0
2825.0
2802.0
2819.0
2845.0
2850.0
2825.0
2810.0
2837.0
2848.0
2857.0
2869.0
2849.0
2866.0
2840.0
2839.0
2827.0
2880.0
2839.0
2854.0
2852.0
2850.0
2869.0
2865.0
2847.0
2879.0
2876.0
2898.0
2853.0
2820.0
2785.0
2823.0
2816.0
2838.0
2842.0
2911.0
2899.0
2860.0
2865.0
2852.0
2899.0
2842.0
2900.0
2906.0
2862.0
2852.0
2865.0
2864.0
2829.0
2831.0
2806.0
2816.0
2841.0
2874.0
2863.0
2865.0
2892.0
2820.0
2797.0
2791.0
2811.0
2780.0
2796.0
2805.0
2802.0
2796.0
2775.0
2837.0
2781.0
2772.0
2813.0
2814.0
2769.0
2739.0
2773.0
2753.0
2847.0
2798.0
2827.0
2843.0
2818.0
2788.0
2794.0
2814.0
2831.0
2849.0
2831.0
2824.0
2876.0
