230.0
178.0
123.0
76.0
60.0
58.0
58.0
62.0
67.0
60.0
68.0
71.0
72.0
82.0
84.0
94.0
100.0
103.0
118.0
129.0
140.0
162.0
174.0
181.0
193.0
208.0
221.0
229.0
243.0
247.0
269.0
298.0
313.0
344.0
361.0
388.0
391.0
406.0
404.0
424.0
430.0
446.0
470.0
481.0
502.0
526.0
547.0
565.0
596.0
649.0
677.0
694.0
732.0
764.0
772.0
779.0
804.0
858.0
891.0
901.0
913.0
930.0
965.0
1023.0
1049.0
1061.0
1084.0
1111.0
1124.0
1117.0
1103.0
1116.0
1119.0
1135.0
1158.0
1186.0
1204.0
1233.0
1259.0
1255.0
1277.0
1253.0
1267.0
1279.0
1298.0
1320.0
1299.0
1329.0
1329.0
1352.0
1340.0
1392.0
1414.0
1393.0
1420.0
1414.0
1440.0
1440.0
1423.0
1473.0
1464.0
1488.0
1494.0
1522.0
1472.0
1579.0
1591.0
1584.0
1631.0
1634.0
1630.0
1622.0
1643.0
1640.0
1645.0
1635.0
1661.0
1635.0
1669.0
1689.0
1688.0
1627.0
1627.0
1618.0
1623.0
1640.0
1669.0
1676.0
1688.0
1694.0
1717.0
1686.0
1674.0
1668.0
1683.0
1676.0
1699.0
1712.0
1726.0
1715.0
1691.0
1644.0
1654.0
1614.0
1613.0
1604.0
1618.0
1603.0
1600.0
1600.0
1613.0
1619.0
1611.0
1579.0
1612.0
1637.0
1656.0
1617.0
1616.0
1600.0
1644.0
1642.0
1641.0
1650.0
1643.0
1648.0
1651.0
1628.0
1630.0
1644.0
1670.0
1681.0
1675.0
1691.0
1674.0
1697.0
1711.0
1712.0
1700.0
1705.0
1691.0
1646.0
1643.0
1666.0
1657.0
1699.0
1725.0
1687.0
1723.0
1735.0
1743.0
1744.0
1760.0
1738.0
1733.0
1726.0
1743.0
1754.0
1760.0
1758.0
1748.0
1769.0
1732.0
1713.0
1718.0
1724.0
1716.0
1736.0
1741.0
1768.0
1784.0
1817.0
1832.0
1808.0
1822.0
1819.0
1798.0
1764.0
1733.0
1709.0
1736.0
1750.0
1778.0
1803.0
1833.0
1863.0
1816.0
1808.0
1777.0
1791.0
1789.0
1774.0
1794.0
1824.0
1765.0
1753.0
1747.0
1760.0
1763.0
1729.0
1733.0
1748.0
1772.0
1778.0
1798.0
1757.0
1793.0
1778.0
1797.0
1765.0
1784.0
1748.0
1759.0
1757.0
1750.0
1779.0
1785.0
1764.0
1779.0
1770.0
1740.0
1740.0
1709.0
1758.0
1728.0
1754.0
1749.0
1738.0
1728.0
1743.0
1761.0
1756.0
1751.0
1731.0
1737.0
1699.0
1693.0
1712.0
1766.0
1774.0
1780.0
1756.0
1741.0
1719.0
1714.0
1730.0
1755.0
1806.0
1812.0
1798.0
1775.0
1790.0
1822.0
1812.0
1811.0
1817.0
1800.0
1773.0
1810.0
1808.0
1798.0
1762.0
1756.0
1756.0
1733.0
1772.0
1759.0
1766.0
1789.0
1797.0
1801.0
1809.0
1821.0
1824.0
1794.0
1820.0
1811.0
1796.0
1808.0
1802.0
1797.0
1826.0
1792.0
1757.0
1756.0
1747.0
1733.0
1728.0
1773.0
1792.0
1781.0
1758.0
1744.0
1754.0
1708.0
1711.0
1699.0
1689.0
1693.0
1692.0
1721.0
1776.0
1736.0
1763.0
1702.0
1709.0
1742.0
1735.0
1728.0
1758.0
1715.0
1711.0
1713.0
1689.0
1646.0
1649.0
1648.0
1693.0
1707.0
1724.0
1733.0
1710.0
1677.0
1677.0
1684.0
1744.0
1721.0
1745.0
1752.0
1723.0
1696.0
1708.0
1679.0
1697.0
1685.0
1692.0
1732.0
1713.0
1772.0
