336 -2 3 10 336 3 1 4 336 -2 -1 10 336 -1 -2 5 0 -1 -1 9 0 1 -3 52 336 -2 1 4 0 1 1 16 0 3 -1 20 0 -2 3 26 0 -3 -2 19 0 -2 -1 45 0 3 2 42 340 -2 -3 2 0 -1 1 36 0 -1 -2 33 0 1 -2 26 0 -3 -1 24 0 2 -1 19 0 -3 3 36 0 1 3 24 0 -1 3 29 0 3 3 35 0 2 3 22 0 3 -2 21 0 2 1 46 0 -1 2 27 0 1 -1 5 0 -2 -2 33 0 3 -3 17 0 -2 1 23 0 -2 -3 8 0 1 2 12 0 -2 2 15 0 3 1 14 137 -2 -3 4 0 -3 2 34 76 -3 -1 6 0 2 2 9 137 2 2 6 76 -3 -3 2 19 -3 1 6 0 -3 1 14 19 2 -2 6 19 1 2 6 19 -1 -3 5 19 1 -3 4 155 -3 2 4 137 2 1 4 19 2 -3 3 76 -3 -2 3 19 -2 2 3 416 1 2 2 205 -1 -3 2 19 -3 -1 3 416 3 3 2 416 2 3 2 425 1 -3 1 137 -3 -2 1 
336 1 3 3 336 -2 -1 16 0 1 -3 100 0 1 1 33 0 3 -1 35 0 -2 3 56 0 -3 -2 38 0 -2 -1 92 0 3 2 82 0 -1 1 74 0 -1 -2 63 0 1 -2 56 0 -3 -1 40 0 2 -1 39 38 1 -2 8 0 -3 3 64 0 1 3 48 0 -1 3 67 0 2 3 40 0 3 -2 39 0 2 1 101 0 -1 2 66 0 -2 -2 56 0 3 -3 25 0 -2 1 43 38 -1 -2 6 0 -2 -3 23 38 1 -3 10 0 1 2 27 0 -2 2 34 0 2 -2 24 0 -3 2 48 137 2 2 11 137 -3 1 11 19 1 -1 8 137 1 -1 7 0 -3 1 31 19 2 -2 12 19 1 -3 9 137 1 2 2 137 3 3 5 416 1 2 4 38 2 3 6 76 -2 2 7 38 -1 1 5 76 3 1 3 38 3 1 3 368 3 -2 2 416 -2 -3 3 
336 -2 -1 20 0 -1 -1 24 0 1 -3 122 336 -2 1 15 0 1 1 49 0 3 -1 41 0 -2 -1 123 0 -1 1 116 0 -1 -2 73 0 1 -2 90 0 -3 -1 50 0 2 -1 59 76 1 -2 5 0 2 1 129 0 -1 2 96 0 1 -1 10 0 -2 -2 72 0 3 -3 30 0 -2 1 59 0 1 2 32 76 -2 -2 9 0 -2 2 43 0 2 -2 40 137 -2 -3 12 0 -3 2 53 38 2 -2 7 137 -3 1 17 137 2 1 13 19 -2 2 6 416 1 2 6 19 3 -3 3 137 -3 -2 10 76 3 1 4 38 3 1 5 416 -2 -3 5 110 1 2 5 76 -3 3 2 
336 3 1 14 336 -2 -1 24 0 1 -3 126 0 1 1 63 0 3 -1 50 340 1 1 3 0 -2 -1 142 0 -1 1 148 0 2 3 54 0 1 -1 14 0 -2 -2 80 0 3 -3 35 0 -2 -3 30 0 1 2 37 137 -3 1 23 137 3 3 10 416 1 2 8 38 3 1 7 416 -2 -3 10 110 1 2 10 
336 -2 -1 27 336 -2 1 26 0 1 1 73 0 -1 1 175 38 1 -2 18 0 2 1 153 0 1 -1 24 0 3 -3 40 38 -1 -2 16 38 1 -3 17 0 1 2 42 416 -1 -1 10 38 3 1 9 110 1 2 15 
336 -2 -1 31 0 1 -1 28 0 1 2 47 0 -3 2 58 76 -3 -1 19 137 -3 1 35 137 2 1 27 38 3 1 11 416 -2 -3 17 0 2 -3 2 110 1 3 1 
336 3 1 24 336 -2 -1 35 340 1 1 5 0 1 2 52 137 -1 1 8 137 1 3 9 137 -3 1 40 19 -1 -3 16 38 3 1 13 
336 -2 -1 38 0 3 -1 58 0 -3 -3 12 38 1 -2 28 0 2 1 178 38 -1 -2 26 38 1 -3 22 38 -3 3 3 38 3 1 15 
336 -3 1 6 336 -2 -1 42 0 -3 -2 52 0 -3 2 63 137 -3 1 51 137 2 1 41 38 3 1 17 
336 3 1 34 336 -2 -1 46 340 1 1 7 0 -3 -3 22 38 3 1 19 
336 3 1 36 336 -2 -1 49 38 1 -2 38 38 1 -3 27 336 3 -1 25 
336 -2 -1 53 38 -1 -2 38 0 -3 2 68 336 3 -1 30 137 2 1 59 
336 -2 -1 55 336 -2 1 46 137 -3 1 64 336 3 -1 35 
336 3 1 46 336 -2 -1 57 38 1 -2 48 0 -1 -3 42 
336 -2 -1 59 38 -1 -2 48 137 2 1 74 
336 -2 -1 61 336 -2 1 56 137 -3 1 74 
336 3 1 56 336 -2 -1 63 38 1 -2 58 
336 -2 -1 65 38 -1 -2 58 137 2 1 84 
137 -3 1 84 137 2 1 87 
336 3 1 66 336 -2 1 69 
38 1 -2 71 38 -1 -2 68 
137 -3 1 94 137 2 1 97 
336 3 1 76 336 -2 1 79 
38 1 -2 81 38 -1 -2 78 
137 2 1 107 
336 -2 1 89 
0 -2 3 64 336 1 1 4 
336 2 2 5 137 -1 3 8 
0 -1 3 104 0 -1 2 113 
