1107.0
878.0
521.0
299.0
196.0
166.0
153.0
152.0
154.0
164.0
165.0
173.0
193.0
202.0
210.0
230.0
233.0
257.0
266.0
275.0
300.0
323.0
356.0
389.0
429.0
466.0
506.0
550.0
594.0
624.0
655.0
731.0
773.0
827.0
861.0
939.0
1008.0
1055.0
1117.0
1172.0
1225.0
1265.0
1327.0
1341.0
1376.0
1399.0
1427.0
1498.0
1559.0
1597.0
1604.0
1627.0
1668.0
1703.0
1740.0
1776.0
1829.0
1877.0
1876.0
1851.0
1867.0
1943.0
1980.0
1989.0
2020.0
2040.0
2045.0
2024.0
2061.0
2069.0
2107.0
2094.0
2126.0
2126.0
2121.0
2119.0
2125.0
2126.0
2133.0
2164.0
2198.0
2197.0
2237.0
2218.0
2215.0
2262.0
2248.0
2274.0
2285.0
2304.0
2238.0
2234.0
2231.0
2235.0
2196.0
2228.0
2239.0
2217.0
2208.0
2207.0
2246.0
2266.0
2285.0
2274.0
2298.0
2325.0
2285.0
2331.0
2321.0
2343.0
2366.0
2370.0
2432.0
2461.0
2438.0
2460.0
2413.0
2427.0
2424.0
2418.0
2432.0
2417.0
2414.0
2415.0
2466.0
2455.0
2390.0
2386.0
2430.0
2498.0
2554.0
2509.0
2497.0
2546.0
2545.0
2518.0
2561.0
2501.0
