1115.0
881.0
534.0
334.0
220.0
206.0
205.0
215.0
238.0
249.0
277.0
303.0
327.0
366.0
408.0
473.0
529.0
606.0
698.0
783.0
861.0
950.0
1051.0
1147.0
1218.0
1307.0
1372.0
1480.0
1564.0
1655.0
1721.0
1806.0
1859.0
1909.0
1963.0
2059.0
2127.0
2171.0
2209.0
2269.0
2284.0
2314.0
2353.0
2395.0
2458.0
2510.0
2543.0
2624.0
2676.0
2713.0
2778.0
2787.0
2808.0
2858.0
2883.0
2951.0
2953.0
3007.0
3064.0
3071.0
3054.0
3024.0
3036.0
3053.0
3066.0
3093.0
3103.0
3094.0
3114.0
3139.0
3083.0
3066.0
3081.0
3067.0
3066.0
3059.0
3079.0
3024.0
3072.0
3082.0
3066.0
3111.0
3120.0
3122.0
3143.0
3124.0
3182.0
3169.0
3171.0
3217.0
3231.0
3186.0
3210.0
3219.0
3267.0
3256.0
3215.0
3240.0
3224.0
3201.0
3232.0
3205.0
3263.0
3255.0
3246.0
3259.0
3289.0
3302.0
3296.0
3263.0
3218.0
3237.0
3332.0
3316.0
3280.0
3253.0
3283.0
3298.0
3320.0
3313.0
3346.0
3271.0
3282.0
3298.0
3304.0
3290.0
3330.0
3352.0
3352.0
3377.0
