1109.0
844.0
514.0
310.0
218.0
204.0
190.0
211.0
221.0
225.0
249.0
282.0
336.0
376.0
443.0
522.0
596.0
672.0
766.0
832.0
947.0
1052.0
1192.0
1323.0
1457.0
1535.0
1624.0
1759.0
1859.0
1938.0
2039.0
2137.0
2266.0
2316.0
2390.0
2451.0
2542.0
2537.0
2634.0
2681.0
2691.0
2711.0
2743.0
2780.0
2838.0
2858.0
2903.0
2846.0
2881.0
2923.0
2926.0
2940.0
2961.0
3029.0
3046.0
3039.0
3070.0
3050.0
3106.0
3126.0
3162.0
3105.0
3066.0
3133.0
3175.0
3230.0
3226.0
3264.0
3259.0
3268.0
3255.0
3261.0
3243.0
3293.0
3275.0
3331.0
3336.0
3360.0
3386.0
3397.0
3369.0
3381.0
3462.0
3461.0
3493.0
3462.0
3477.0
3468.0
3442.0
3485.0
3466.0
3491.0
3522.0
