880.0
148.0
29.0
17.0
11.0
8.0
8.0
8.0
8.0
8.0
6.0
8.0
6.0
8.0
9.0
8.0
10.0
9.0
9.0
9.0
7.0
10.0
9.0
9.0
8.0
9.0
9.0
11.0
10.0
8.0
10.0
9.0
8.0
9.0
12.0
10.0
11.0
10.0
12.0
10.0
11.0
12.0
11.0
10.0
10.0
9.0
11.0
11.0
12.0
14.0
12.0
14.0
15.0
15.0
17.0
15.0
17.0
19.0
19.0
19.0
18.0
19.0
20.0
23.0
23.0
23.0
24.0
25.0
30.0
29.0
26.0
25.0
26.0
29.0
26.0
26.0
29.0
28.0
31.0
29.0
31.0
32.0
34.0
38.0
39.0
37.0
38.0
39.0
43.0
42.0
47.0
47.0
46.0
54.0
49.0
52.0
54.0
51.0
60.0
56.0
54.0
53.0
49.0
57.0
60.0
62.0
64.0
67.0
69.0
72.0
70.0
74.0
72.0
79.0
78.0
84.0
84.0
88.0
94.0
92.0
99.0
100.0
103.0
104.0
100.0
109.0
111.0
117.0
119.0
124.0
129.0
130.0
131.0
131.0
139.0
144.0
149.0
147.0
152.0
162.0
170.0
168.0
171.0
181.0
192.0
195.0
201.0
207.0
206.0
216.0
226.0
245.0
245.0
250.0
259.0
266.0
267.0
271.0
274.0
289.0
302.0
297.0
309.0
307.0
316.0
334.0
322.0
335.0
347.0
358.0
365.0
374.0
384.0
402.0
404.0
424.0
422.0
431.0
438.0
442.0
461.0
465.0
483.0
489.0
499.0
517.0
520.0
518.0
532.0
546.0
559.0
563.0
571.0
582.0
601.0
620.0
623.0
628.0
637.0
640.0
656.0
676.0
677.0
696.0
711.0
719.0
726.0
732.0
747.0
738.0
751.0
750.0
762.0
760.0
780.0
784.0
779.0
806.0
820.0
826.0
839.0
839.0
866.0
872.0
877.0
906.0
908.0
916.0
928.0
937.0
949.0
954.0
972.0
980.0
953.0
954.0
970.0
1004.0
1001.0
997.0
983.0
1021.0
1048.0
1065.0
1079.0
1070.0
1098.0
1116.0
1131.0
1146.0
1139.0
1150.0
1170.0
1167.0
1153.0
1171.0
1157.0
1207.0
1221.0
1232.0
1232.0
1219.0
1259.0
1261.0
1266.0
1256.0
1238.0
1251.0
1279.0
1269.0
1277.0
1251.0
1259.0
1279.0
1283.0
1293.0
1258.0
1284.0
1305.0
1305.0
1309.0
1280.0
1280.0
1308.0
1342.0
1343.0
1335.0
1333.0
1359.0
1370.0
1347.0
1378.0
1353.0
1379.0
1369.0
1383.0
1382.0
1375.0
1366.0
1377.0
1386.0
1399.0
1389.0
1393.0
1401.0
1376.0
1384.0
1396.0
1379.0
1389.0
1404.0
1413.0
1403.0
1398.0
1393.0
1387.0
1413.0
1411.0
1399.0
1390.0
1390.0
1405.0
1407.0
1408.0
1384.0
1405.0
1405.0
1444.0
1432.0
1407.0
1412.0
1401.0
1411.0
1447.0
1413.0
1408.0
1421.0
1426.0
1450.0
1447.0
1440.0
1420.0
1430.0
1420.0
1448.0
1440.0
1445.0
1443.0
1456.0
1462.0
1469.0
1493.0
1473.0
1477.0
1460.0
1476.0
1479.0
1493.0
1525.0
1486.0
1508.0
1496.0
1477.0
1490.0
1484.0
1493.0
1517.0
1518.0
1513.0
1524.0
1478.0
1493.0
1509.0
1481.0
1516.0
1481.0
1473.0
1467.0
1459.0
1496.0
1482.0
1483.0
1479.0
1461.0
1467.0
1471.0
1478.0
1490.0
1501.0
1505.0
1500.0
1512.0
1515.0
1514.0
1531.0
1497.0
1527.0
1513.0
1509.0
1491.0
1495.0
1526.0
1491.0
1504.0
1490.0
1489.0
1512.0
1496.0
1505.0
1491.0
1487.0
1489.0
1507.0
1498.0
1471.0
1475.0
1504.0
1531.0
1522.0
1497.0
1517.0
1529.0
1549.0
1555.0
1563.0
1573.0
1573.0
1542.0
1576.0
1580.0
1553.0
1582.0
1573.0
1586.0
1588.0
1557.0
1583.0
1590.0
1563.0
1541.0
1555.0
1593.0
1587.0
1583.0
1610.0
1572.0
1623.0
1585.0
1584.0
1612.0
1583.0
1618.0
1611.0
1617.0
1586.0
1568.0
1588.0
1614.0
1594.0
1623.0
1599.0
1593.0
1597.0
1564.0
1611.0
1597.0
1568.0
1593.0
1589.0
1605.0
1581.0
1567.0
1576.0
1576.0
1586.0
1559.0
1573.0
1572.0
1582.0
1545.0
1539.0
1546.0
1547.0
1590.0
1583.0
1578.0
1570.0
1592.0
1572.0
1572.0
1591.0
1586.0
1598.0
1558.0
1575.0
1537.0
1541.0
1561.0
1541.0
1516.0
1521.0
1514.0
1497.0
1536.0
1550.0
1564.0
1544.0
1531.0
1551.0
1560.0
1569.0
1553.0
1553.0
1546.0
1528.0
1569.0
1553.0
1545.0
1550.0
1558.0
1579.0
1543.0
1530.0
1550.0
1556.0
1561.0
1578.0
1586.0
1571.0
1592.0
1607.0
1578.0
1582.0
1569.0
1597.0
1595.0
1570.0
1579.0
1588.0
1568.0
1546.0
1556.0
1573.0
1566.0
1581.0
1589.0
1586.0
1564.0
1577.0
1582.0
1569.0
1561.0
1568.0
1572.0
1609.0
1592.0
1587.0
1580.0
1566.0
1596.0
1576.0
1579.0
1604.0
1602.0
1599.0
1594.0
1614.0
1595.0
1585.0
1595.0
1583.0
1587.0
1585.0
1582.0
1611.0
1619.0
1609.0
1625.0
1602.0
1622.0
1582.0
1633.0
1623.0
1607.0
1615.0
1608.0
1615.0
1587.0
1616.0
1602.0
1583.0
1581.0
1596.0
1593.0
1612.0
1592.0
1575.0
1594.0
1640.0
1595.0
1592.0
1606.0
1632.0
1655.0
1644.0
1676.0
1676.0
1659.0
1648.0
1661.0
1687.0
1673.0
1656.0
1668.0
1667.0
1655.0
1647.0
1632.0
1663.0
1634.0
1615.0
1604.0
1616.0
1648.0
1632.0
1623.0
1606.0
1635.0
1660.0
1627.0
1657.0
1637.0
1617.0
1615.0
1607.0
1627.0
1614.0
1625.0
1614.0
1617.0
1643.0
1642.0
1660.0
1654.0
1639.0
1636.0
1651.0
1633.0
1621.0
1635.0
1628.0
1667.0
1665.0
1659.0
1658.0
1659.0
1686.0
1676.0
1646.0
1615.0
1636.0
1643.0
1650.0
1650.0
1638.0
1632.0
1621.0
1639.0
1657.0
1676.0
1674.0
1683.0
1665.0
1679.0
1658.0
1668.0
1665.0
1673.0
1670.0
1687.0
1699.0
1661.0
1651.0
1636.0
1654.0
1650.0
1663.0
1643.0
1635.0
1624.0
1624.0
1627.0
1619.0
1622.0
1608.0
1611.0
1643.0
1657.0
1662.0
1645.0
1660.0
1674.0
1645.0
1647.0
1641.0
1624.0
1631.0
1612.0
1597.0
1635.0
1608.0
1596.0
1625.0
1621.0
1632.0
1639.0
1635.0
1651.0
1685.0
1703.0
1674.0
1665.0
1662.0
1657.0
1657.0
1625.0
1652.0
1644.0
1636.0
1636.0
1621.0
1635.0
1660.0
1658.0
1645.0
1638.0
1689.0
1701.0
1661.0
1672.0
1666.0
1695.0
1686.0
1665.0
1681.0
1653.0
1674.0
1651.0
1651.0
1648.0
1655.0
1653.0
1659.0
1634.0
1617.0
1641.0
1612.0
1589.0
1596.0
1593.0
1619.0
1627.0
1609.0
1641.0
1634.0
1631.0
1637.0
1652.0
1639.0
1641.0
1638.0
1667.0
1669.0
1680.0
1667.0
1700.0
1676.0
1690.0
1733.0
1701.0
1703.0
1687.0
1662.0
1663.0
1681.0
1650.0
1691.0
1663.0
1689.0
1717.0
1699.0
1684.0
1673.0
1678.0
1667.0
1672.0
1680.0
1657.0
1677.0
1643.0
1612.0
1614.0
1618.0
1652.0
1661.0
1662.0
1653.0
1666.0
1644.0
1653.0
1638.0
1685.0
1635.0
1657.0
1675.0
1634.0
1628.0
1616.0
1625.0
1655.0
1640.0
1602.0
1604.0
1613.0
1617.0
1626.0
1629.0
1621.0
1601.0
1624.0
1610.0
1620.0
1625.0
1633.0
1608.0
1616.0
1614.0
1621.0
1612.0
1617.0
1617.0
1640.0
1642.0
1622.0
1611.0
1630.0
1629.0
1646.0
1635.0
1622.0
1628.0
1609.0
1636.0
1630.0
1623.0
1647.0
1627.0
1617.0
1618.0
1622.0
1634.0
1656.0
1653.0
1648.0
1659.0
1640.0
1656.0
1647.0
1659.0
1656.0
1630.0
1661.0
1640.0
1670.0
1670.0
1687.0
1678.0
1659.0
1656.0
1663.0
1680.0
1681.0
1680.0
1681.0
1701.0
1720.0
1702.0
1691.0
1693.0
1661.0
1703.0
1691.0
1722.0
1698.0
1703.0
1711.0
1740.0
1723.0
1720.0
1711.0
1725.0
1731.0
1701.0
1726.0
1693.0
1735.0
1767.0
1733.0
1729.0
1690.0
1697.0
1702.0
1690.0
1701.0
1678.0
1700.0
1716.0
1736.0
1733.0
1731.0
1706.0
1720.0
1713.0
1725.0
1717.0
1731.0
1730.0
1713.0
1686.0
1710.0
1747.0
1754.0
1734.0
1732.0
1759.0
1728.0
1710.0
1711.0
1699.0
1674.0
1691.0
1697.0
1694.0
1716.0
1708.0
1712.0
1708.0
1699.0
1717.0
1680.0
1716.0
1700.0
1704.0
1728.0
1715.0
1721.0
1716.0
1727.0
1718.0
1710.0
1716.0
1688.0
1686.0
1710.0
1694.0
1676.0
1667.0
1703.0
1643.0
1670.0
1670.0
1663.0
1701.0
1690.0
1683.0
1693.0
1671.0
1680.0
1669.0
1680.0
1673.0
1682.0
1677.0
1676.0
1665.0
1658.0
1661.0
1692.0
1714.0
1702.0
1715.0
1713.0
1726.0
1723.0
1689.0
1743.0
1728.0
1764.0
1778.0
1741.0
1762.0
1739.0
1768.0
1765.0
1743.0
1746.0
1738.0
1756.0
1767.0
1742.0
1735.0
1717.0
1730.0
1730.0
1737.0
1709.0
1723.0
1767.0
1687.0
1684.0
1670.0
1678.0
1671.0
1667.0
1692.0
1673.0
1684.0
