27.0
12.0
13.0
12.0
19.0
25.0
33.0
38.0
51.0
48.0
60.0
63.0
84.0
103.0
113.0
113.0
115.0
140.0
169.0
187.0
212.0
236.0
288.0
282.0
346.0
421.0
511.0
580.0
659.0
724.0
841.0
918.0
1043.0
1142.0
1230.0
1278.0
1344.0
1418.0
1439.0
1502.0
1578.0
1657.0
1667.0
1723.0
1746.0
1782.0
1806.0
1876.0
1960.0
1972.0
1970.0
2001.0
2033.0
2118.0
2130.0
2147.0
2180.0
2180.0
2194.0
2219.0
2278.0
2308.0
2274.0
2315.0
2359.0
2322.0
2358.0
2343.0
2360.0
2308.0
2371.0
2399.0
2405.0
2427.0
2434.0
2421.0
2453.0
2422.0
2495.0
2470.0
2483.0
2479.0
2516.0
2477.0
2491.0
2534.0
2526.0
2595.0
2587.0
2590.0
2618.0
2655.0
2628.0
2630.0
2660.0
2688.0
2686.0
2684.0
2711.0
2784.0
2815.0
2785.0
2806.0
2776.0
2874.0
2856.0
2799.0
2775.0
2827.0
2800.0
2852.0
2816.0
2835.0
2814.0
2825.0
2875.0
2827.0
2815.0
2818.0
2815.0
2841.0
2832.0
2806.0
2891.0
2844.0
2856.0
2847.0
2902.0
2856.0
2929.0
2926.0
2903.0
2946.0
2937.0
2922.0
2955.0
2945.0
2981.0
2994.0
3046.0
2980.0
2986.0
3046.0
3006.0
3037.0
3019.0
2979.0
3022.0
3043.0
3069.0
3009.0
3045.0
3002.0
2997.0
3081.0
3040.0
3087.0
3074.0
2979.0
3061.0
3082.0
3096.0
3020.0
3059.0
3048.0
3046.0
3060.0
3139.0
3090.0
3101.0
3099.0
3089.0
3079.0
3132.0
3160.0
3061.0
3119.0
3096.0
3048.0
3097.0
3047.0
3071.0
3059.0
3057.0
3072.0
3060.0
3057.0
3056.0
3097.0
3085.0
3047.0
3013.0
3026.0
3128.0
3135.0
3096.0
3131.0
3059.0
3037.0
3098.0
3099.0
3144.0
3038.0
2995.0
3044.0
3036.0
3000.0
3067.0
3086.0
3080.0
3074.0
3097.0
3091.0
3063.0
3108.0
3079.0
3079.0
2996.0
3120.0
3106.0
3150.0
3112.0
3115.0
3101.0
3085.0
3116.0
3053.0
3135.0
3084.0
3150.0
3043.0
3069.0
3068.0
3127.0
3088.0
3046.0
3085.0
3083.0
3018.0
3041.0
3106.0
3045.0
3053.0
3065.0
3053.0
3108.0
3108.0
3041.0
3081.0
3020.0
3095.0
3137.0
3113.0
3059.0
3029.0
3068.0
3043.0
3047.0
3041.0
3054.0
3135.0
3035.0
3047.0
3034.0
3000.0
2987.0
3014.0
3051.0
3014.0
3011.0
3022.0
3041.0
3041.0
3064.0
3033.0
3049.0
3046.0
3081.0
3046.0
3067.0
3021.0
2999.0
3054.0
3088.0
3078.0
3097.0
3079.0
3141.0
3035.0
3040.0
3020.0
3065.0
3018.0
3024.0
3010.0
2978.0
3057.0
3054.0
3016.0
3056.0
3032.0
3076.0
3033.0
2989.0
3001.0
3060.0
3081.0
3065.0
3076.0
3055.0
3031.0
3066.0
3046.0
3120.0
3047.0
3010.0
3001.0
2973.0
3057.0
2999.0
3025.0
3094.0
3056.0
3079.0
3035.0
3068.0
3070.0
3040.0
3072.0
3124.0
3064.0
3115.0
3077.0
3121.0
3029.0
3007.0
3073.0
3020.0
3075.0
3100.0
3051.0
3122.0
3012.0
3092.0
3074.0
3069.0
3063.0
3066.0
3046.0
3085.0
3112.0
3104.0
3043.0
3078.0
3066.0
3069.0
3058.0
3039.0
3041.0
3014.0
3016.0
3103.0
3028.0
3039.0
2990.0
2983.0
3082.0
3069.0
3085.0
3058.0
3024.0
3072.0
3119.0
3044.0
3063.0
3028.0
3065.0
3054.0
3082.0
3093.0
3008.0
3131.0
3070.0
3078.0
3099.0
3065.0
3051.0
3101.0
3101.0
3051.0
3105.0
3115.0
3052.0
3137.0
3092.0
3043.0
3038.0
3067.0
3055.0
3053.0
3053.0
2997.0
3022.0
3031.0
3076.0
3026.0
2994.0
3003.0
3004.0
3049.0
3064.0
2970.0
2943.0
3008.0
3052.0
3062.0
3051.0
3093.0
3065.0
3075.0
3067.0
3105.0
3098.0
3023.0
3057.0
3040.0
3050.0
3052.0
3118.0
3083.0
3089.0
3108.0
3054.0
3064.0
3097.0
3115.0
3042.0
3010.0
3035.0
3062.0
3019.0
3046.0
3066.0
3060.0
3047.0
3099.0
3049.0
3056.0
2999.0
3034.0
3077.0
3048.0
3058.0
2994.0
3011.0
3081.0
3097.0
3170.0
3066.0
3076.0
3000.0
3056.0
3017.0
3109.0
3119.0
3091.0
3058.0
3115.0
3097.0
3044.0
3037.0
3058.0
3138.0
3065.0
3008.0
3057.0
3009.0
3035.0
3134.0
3067.0
3116.0
3106.0
3057.0
3108.0
3077.0
3031.0
3053.0
3093.0
3051.0
3074.0
3111.0
3099.0
3090.0
3074.0
3111.0
3118.0
3057.0
3034.0
3046.0
3068.0
3082.0
3066.0
3069.0
3044.0
2997.0
2977.0
2970.0
3007.0
3018.0
3025.0
3029.0
2946.0
3047.0
3036.0
3015.0
3088.0
3014.0
3014.0
3002.0
2957.0
3020.0
3036.0
3008.0
2967.0
3016.0
2961.0
2929.0
3003.0
3038.0
3008.0
2972.0
3061.0
2976.0
2996.0
3019.0
3064.0
2972.0
2977.0
3000.0
3000.0
3039.0
3054.0
2968.0
3011.0
3009.0
3115.0
3000.0
3060.0
3071.0
3034.0
3110.0
3036.0
3117.0
3102.0
3063.0
3092.0
3002.0
3088.0
3054.0
2995.0
3028.0
3082.0
3016.0
3055.0
3070.0
3082.0
3049.0
3087.0
3035.0
3028.0
3057.0
3124.0
3149.0
3064.0
3094.0
3149.0
3124.0
3097.0
3073.0
3025.0
3050.0
3057.0
3041.0
3019.0
3055.0
3085.0
3050.0
3037.0
3023.0
3046.0
3048.0
3055.0
3063.0
3096.0
3140.0
3116.0
3111.0
3096.0
3107.0
3118.0
3125.0
3103.0
3085.0
3075.0
3143.0
3107.0
3126.0
3068.0
3027.0
3044.0
3107.0
3104.0
3179.0
3119.0
3127.0
3061.0
3104.0
3125.0
3071.0
3100.0
3153.0
3161.0
3149.0
3178.0
3228.0
3173.0
3111.0
3137.0
3109.0
3189.0
3190.0
3118.0
3130.0
3147.0
3202.0
3180.0
3239.0
3231.0
3259.0
3156.0
3159.0
3161.0
3174.0
3167.0
3185.0
3137.0
3149.0
3125.0
3162.0
3140.0
3203.0
3143.0
3159.0
3160.0
3105.0
3128.0
3194.0
3128.0
3186.0
3170.0
3135.0
3243.0
3194.0
3134.0
3106.0
3128.0
3116.0
3152.0
3134.0
3104.0
3157.0
3063.0
3121.0
3135.0
3150.0
3097.0
3148.0
3125.0
3158.0
3073.0
3110.0
3131.0
3122.0
3105.0
3099.0
3083.0
3090.0
3099.0
3116.0
3129.0
3126.0
3145.0
3115.0
3112.0
3066.0
3135.0
3140.0
3132.0
3140.0
3146.0
3121.0
3102.0
3106.0
3086.0
3102.0
3102.0
3133.0
3094.0
3187.0
3190.0
3134.0
3132.0
3174.0
3172.0
3191.0
3126.0
3162.0
3179.0
3154.0
3197.0
3156.0
3120.0
3165.0
3103.0
3062.0
3070.0
3105.0
3110.0
3130.0
3058.0
3080.0
3119.0
3155.0
3143.0
3137.0
3140.0
3091.0
3104.0
3172.0
3143.0
3086.0
3078.0
3097.0
3078.0
3103.0
3056.0
3097.0
3094.0
3075.0
3100.0
3072.0
3093.0
3075.0
3065.0
3109.0
3082.0
3088.0
3051.0
3042.0
3108.0
3125.0
3172.0
3090.0
3070.0
3105.0
3135.0
3127.0
3129.0
3086.0
3184.0
3083.0
3099.0
3107.0
3097.0
3039.0
3095.0
3085.0
3171.0
3107.0
3135.0
3162.0
3157.0
3106.0
3095.0
3057.0
3105.0
3057.0
3049.0
3152.0
3096.0
3115.0
3132.0
3102.0
3062.0
3082.0
3108.0
3110.0
3105.0
3101.0
3151.0
3128.0
3038.0
3079.0
3096.0
3165.0
3140.0
3122.0
3034.0
3059.0
3043.0
3168.0
3084.0
3096.0
3158.0
3154.0
3194.0
3132.0
3117.0
