119.0
95.0
184.0
339.0
591.0
780.0
1062.0
1222.0
1363.0
1399.0
1446.0
1635.0
1723.0
1761.0
1806.0
1745.0
1801.0
1809.0
1721.0
1714.0
1807.0
1767.0
1736.0
1756.0
1751.0
1820.0
1829.0
1909.0
1990.0
1944.0
1919.0
1853.0
1786.0
1764.0
1844.0
1833.0
1899.0
1868.0
1934.0
1868.0
1862.0
1902.0
1896.0
1909.0
1876.0
1804.0
1862.0
1803.0
1797.0
1826.0
1835.0
1747.0
1805.0
1831.0
1771.0
1808.0
1793.0
1751.0
1725.0
1770.0
1754.0
1710.0
1711.0
1758.0
1708.0
1666.0
1686.0
1769.0
1769.0
1663.0
1669.0
1800.0
1825.0
1777.0
1801.0
1786.0
1748.0
1756.0
1667.0
1759.0
1834.0
1789.0
