17.0
25.0
66.0
58.0
68.0
85.0
144.0
203.0
235.0
333.0
289.0
275.0
315.0
301.0
326.0
339.0
385.0
414.0
415.0
404.0
465.0
504.0
563.0
573.0
632.0
607.0
603.0
585.0
583.0
626.0
621.0
600.0
639.0
665.0
660.0
692.0
723.0
694.0
719.0
706.0
717.0
683.0
704.0
723.0
756.0
771.0
825.0
852.0
921.0
889.0
920.0
899.0
947.0
963.0
912.0
992.0
970.0
980.0
945.0
972.0
1024.0
1013.0
1000.0
985.0
1006.0
995.0
976.0
984.0
985.0
976.0
1017.0
974.0
961.0
979.0
1010.0
1008.0
1008.0
1018.0
1003.0
980.0
1016.0
1018.0
1018.0
1054.0
1086.0
1086.0
1045.0
1037.0
1035.0
1058.0
1063.0
1088.0
1072.0
1091.0
1105.0
1030.0
1087.0
1058.0
1102.0
1115.0
1064.0
1031.0
1100.0
1113.0
1111.0
1091.0
1084.0
1082.0
1047.0
1065.0
1111.0
1106.0
1129.0
1095.0
1105.0
1125.0
1124.0
1075.0
1081.0
1073.0
1074.0
1036.0
1033.0
1065.0
1129.0
1132.0
1147.0
1099.0
1137.0
1104.0
1133.0
1109.0
1110.0
1149.0
1121.0
1162.0
1134.0
1155.0
1174.0
1164.0
1175.0
1144.0
1194.0
1153.0
1136.0
1187.0
1164.0
1172.0
1145.0
1193.0
1153.0
1139.0
1119.0
1186.0
1166.0
1131.0
1154.0
1184.0
1148.0
1139.0
1193.0
1159.0
1150.0
1156.0
1134.0
1182.0
1165.0
1177.0
1167.0
1196.0
1164.0
1128.0
1148.0
1191.0
1166.0
1174.0
1191.0
1193.0
1152.0
1153.0
1125.0
1163.0
1164.0
1144.0
1204.0
1155.0
1137.0
1159.0
1144.0
1178.0
1158.0
1153.0
1204.0
1210.0
1215.0
1186.0
1203.0
1175.0
1139.0
1156.0
1131.0
1138.0
1205.0
1127.0
1158.0
1142.0
1120.0
1063.0
1148.0
1113.0
1114.0
1139.0
1064.0
1106.0
1118.0
1115.0
1180.0
1148.0
1122.0
1144.0
1097.0
1105.0
1073.0
1123.0
1109.0
1130.0
1111.0
1101.0
1117.0
1116.0
1067.0
1134.0
1104.0
1133.0
1144.0
1128.0
1106.0
1106.0
1090.0
1121.0
1079.0
1091.0
1101.0
1143.0
1146.0
1148.0
1171.0
1151.0
1149.0
1111.0
1113.0
1104.0
1163.0
1151.0
1117.0
1142.0
1085.0
1110.0
1119.0
1133.0
1132.0
1122.0
1063.0
1113.0
1071.0
1112.0
1073.0
1096.0
1071.0
1091.0
1085.0
1082.0
1119.0
1055.0
1067.0
1089.0
1078.0
1106.0
1100.0
1132.0
1089.0
1131.0
1108.0
1161.0
1161.0
1173.0
1188.0
1208.0
1164.0
1180.0
1147.0
1201.0
1200.0
1190.0
1156.0
1171.0
1169.0
1191.0
1188.0
1224.0
1182.0
1211.0
1196.0
1225.0
1212.0
1196.0
1204.0
1172.0
1194.0
1211.0
1164.0
1182.0
1177.0
1178.0
1220.0
1212.0
1220.0
1201.0
1201.0
1176.0
1210.0
1185.0
1159.0
1218.0
1165.0
1179.0
1166.0
1211.0
1215.0
1203.0
1228.0
1201.0
1163.0
1161.0
1184.0
1150.0
1147.0
1184.0
1174.0
1167.0
1151.0
1151.0
1157.0
1151.0
1155.0
1117.0
1124.0
1178.0
1117.0
1129.0
1111.0
1180.0
1112.0
1133.0
1147.0
1168.0
1136.0
1112.0
1120.0
1120.0
1131.0
1105.0
1128.0
1153.0
1123.0
1127.0
1103.0
1170.0
1129.0
1122.0
1156.0
1151.0
1188.0
1173.0
1148.0
1163.0
1096.0
1158.0
1142.0
1154.0
1163.0
1077.0
1127.0
1116.0
1112.0
1121.0
1115.0
1120.0
1088.0
1081.0
1070.0
1113.0
1096.0
1107.0
1115.0
1064.0
1109.0
1091.0
1076.0
1053.0
1066.0
1090.0
1083.0
1095.0
1101.0
1127.0
1159.0
1089.0
1087.0
1072.0
1110.0
1110.0
1120.0
1128.0
1078.0
1090.0
1078.0
1124.0
1101.0
1066.0
1103.0
1129.0
1092.0
1093.0
1099.0
1098.0
1053.0
1116.0
1090.0
1082.0
1078.0
1103.0
1069.0
1100.0
1081.0
1101.0
1081.0
1113.0
1102.0
1130.0
1149.0
1122.0
1114.0
1104.0
1076.0
1080.0
1064.0
1106.0
1111.0
1105.0
1107.0
1094.0
1045.0
1077.0
1054.0
1073.0
1043.0
1100.0
1065.0
1094.0
1046.0
1078.0
1064.0
1079.0
1097.0
1110.0
1145.0
1093.0
1091.0
1050.0
1090.0
1078.0
1072.0
1086.0
1045.0
1103.0
1106.0
1086.0
1085.0
1086.0
1097.0
1079.0
1058.0
1085.0
1076.0
1119.0
1110.0
1109.0
1096.0
1162.0
1097.0
1118.0
1112.0
1119.0
1142.0
1151.0
1130.0
1135.0
1167.0
1119.0
1163.0
1210.0
1157.0
1137.0
1188.0
1148.0
1181.0
1158.0
1159.0
1186.0
1197.0
1152.0
1178.0
1147.0
1154.0
1179.0
1168.0
1204.0
1154.0
1192.0
1175.0
1166.0
1226.0
1175.0
1180.0
1186.0
1161.0
1146.0
1141.0
1150.0
1187.0
1161.0
1167.0
1113.0
1137.0
1147.0
1129.0
1120.0
1117.0
1102.0
1178.0
1132.0
1119.0
1174.0
1185.0
1147.0
1144.0
1151.0
1186.0
1127.0
1157.0
1148.0
1158.0
1140.0
1127.0
1095.0
1105.0
1115.0
1107.0
1129.0
1133.0
1103.0
1145.0
1098.0
1089.0
1125.0
1089.0
1112.0
1133.0
1150.0
1112.0
1121.0
1106.0
1122.0
1120.0
1125.0
1091.0
1129.0
1149.0
1102.0
1081.0
1071.0
1061.0
1099.0
1121.0
