236.0
187.0
117.0
75.0
54.0
52.0
55.0
57.0
57.0
58.0
63.0
72.0
80.0
85.0
85.0
90.0
89.0
92.0
98.0
103.0
106.0
110.0
113.0
118.0
120.0
124.0
130.0
132.0
136.0
141.0
161.0
167.0
166.0
176.0
177.0
198.0
210.0
215.0
234.0
246.0
253.0
258.0
282.0
306.0
314.0
340.0
375.0
400.0
437.0
461.0
503.0
532.0
560.0
621.0
654.0
712.0
762.0
784.0
824.0
870.0
923.0
1010.0
1025.0
1072.0
1120.0
1176.0
1233.0
1263.0
1298.0
1325.0
1364.0
1400.0
1462.0
1517.0
1556.0
1569.0
1588.0
1622.0
1645.0
1645.0
1673.0
1688.0
1762.0
1767.0
1824.0
1847.0
1846.0
1876.0
1913.0
1889.0
1923.0
1950.0
1919.0
1947.0
1968.0
1977.0
2008.0
1987.0
2011.0
1995.0
2010.0
2015.0
2042.0
2042.0
2066.0
2076.0
2095.0
2143.0
2162.0
2176.0
2212.0
2260.0
2244.0
2222.0
2268.0
2324.0
2329.0
2318.0
2309.0
2312.0
2378.0
2364.0
2381.0
2415.0
2433.0
2394.0
2418.0
2462.0
2467.0
2471.0
2462.0
2475.0
2470.0
2446.0
2455.0
2477.0
2514.0
2491.0
2502.0
2469.0
2478.0
2472.0
2461.0
2503.0
2494.0
2509.0
2471.0
2499.0
2543.0
2600.0
2608.0
2615.0
2612.0
2578.0
2524.0
2601.0
2577.0
2600.0
2533.0
2569.0
2553.0
2548.0
2526.0
2568.0
2580.0
2556.0
2598.0
2580.0
2574.0
2650.0
2592.0
2626.0
2615.0
2612.0
2613.0
2596.0
2620.0
2609.0
2607.0
2623.0
2646.0
2613.0
2601.0
2643.0
2625.0
2669.0
2672.0
2678.0
2665.0
2638.0
2677.0
2674.0
2736.0
2717.0
2730.0
2762.0
2762.0
2712.0
2743.0
2718.0
2704.0
2725.0
2717.0
2714.0
2684.0
2703.0
2705.0
2673.0
2712.0
2757.0
2699.0
2737.0
2708.0
2701.0
2651.0
2688.0
2713.0
2759.0
2814.0
2808.0
2776.0
2756.0
2767.0
2728.0
2773.0
2776.0
2749.0
2728.0
2746.0
2777.0
2783.0
2771.0
2771.0
2737.0
2738.0
2764.0
2746.0
2733.0
2714.0
2760.0
2751.0
2754.0
2695.0
2686.0
2714.0
2706.0
2692.0
2686.0
2710.0
2699.0
2689.0
2734.0
2746.0
2688.0
2719.0
2719.0
2743.0
2724.0
2710.0
2734.0
2778.0
2756.0
2758.0
2805.0
2747.0
2775.0
2774.0
2815.0
2830.0
2814.0
2790.0
2806.0
2746.0
2753.0
2776.0
2775.0
2782.0
2718.0
2757.0
2758.0
2756.0
2717.0
2689.0
2698.0
2727.0
2730.0
2755.0
2749.0
2719.0
2750.0
2731.0
2770.0
2804.0
2798.0
2804.0
2786.0
2762.0
2759.0
2716.0
2746.0
2734.0
2754.0
2775.0
2755.0
2755.0
2807.0
2815.0
2802.0
2828.0
2829.0
2821.0
2816.0
2793.0
2787.0
2814.0
2831.0
2853.0
2825.0
2839.0
2826.0
2829.0
2809.0
2748.0
2725.0
2761.0
2748.0
2776.0
2815.0
2737.0
2750.0
2763.0
2759.0
2774.0
2718.0
2739.0
2750.0
2739.0
2741.0
2778.0
2788.0
2794.0
2811.0
2781.0
2804.0
2825.0
2781.0
2800.0
2796.0
2806.0
2835.0
2869.0
2846.0
2869.0
2827.0
2836.0
2805.0
2807.0
2791.0
2834.0
2877.0
2870.0
2882.0
2889.0
2898.0
2904.0
2904.0
2847.0
2887.0
2891.0
2906.0
2879.0
2841.0
2855.0
2907.0
2893.0
2909.0
2931.0
2924.0
2944.0
2898.0
2917.0
2904.0
2904.0
2932.0
2867.0
2889.0
2856.0
2858.0
2864.0
2888.0
2844.0
2809.0
2848.0
2827.0
2787.0
2828.0
2851.0
2859.0
2823.0
2802.0
2822.0
2830.0
2808.0
2811.0
2828.0
2823.0
2864.0
2811.0
2829.0
2792.0
2748.0
2769.0
2808.0
2795.0
2834.0
2813.0
2793.0
2825.0
2811.0
2809.0
2786.0
2779.0
2781.0
2828.0
2835.0
2834.0
2854.0
2818.0
2836.0
2819.0
2776.0
2754.0
2739.0
2762.0
2757.0
2762.0
2774.0
2798.0
2774.0
2827.0
2829.0
2815.0
2875.0
2850.0
2846.0
2893.0
2897.0
2851.0
2801.0
2883.0
2888.0
2879.0
2825.0
2808.0
2803.0
2783.0
2798.0
2791.0
2849.0
2840.0
2878.0
2889.0
2881.0
2844.0
2822.0
2807.0
2765.0
2803.0
2798.0
2792.0
2796.0
2791.0
2838.0
2883.0
2899.0
2894.0
2875.0
2835.0
2817.0
2815.0
2820.0
2819.0
2875.0
2828.0
2848.0
2861.0
2826.0
2873.0
2871.0
2854.0
2847.0
2865.0
2811.0
2811.0
2810.0
2783.0
2793.0
2849.0
2868.0
2868.0
2854.0
2912.0
2887.0
2894.0
2931.0
2913.0
2889.0
2870.0
2906.0
2931.0
2895.0
2895.0
2912.0
