876.0
159.0
28.0
16.0
12.0
11.0
7.0
7.0
6.0
6.0
7.0
7.0
7.0
7.0
8.0
9.0
8.0
9.0
9.0
10.0
11.0
12.0
11.0
13.0
11.0
13.0
15.0
13.0
14.0
15.0
19.0
18.0
18.0
19.0
17.0
19.0
22.0
20.0
20.0
23.0
25.0
24.0
26.0
25.0
28.0
26.0
27.0
29.0
27.0
29.0
32.0
34.0
35.0
36.0
34.0
36.0
38.0
42.0
40.0
41.0
43.0
44.0
49.0
48.0
48.0
53.0
54.0
57.0
56.0
56.0
61.0
63.0
75.0
67.0
68.0
68.0
71.0
75.0
78.0
77.0
83.0
76.0
75.0
79.0
85.0
86.0
87.0
84.0
82.0
84.0
85.0
88.0
90.0
94.0
89.0
94.0
84.0
91.0
89.0
93.0
101.0
100.0
110.0
107.0
106.0
113.0
110.0
120.0
110.0
113.0
119.0
117.0
118.0
120.0
115.0
121.0
127.0
129.0
133.0
137.0
133.0
139.0
146.0
151.0
165.0
168.0
166.0
166.0
171.0
177.0
175.0
178.0
184.0
185.0
196.0
198.0
200.0
202.0
197.0
200.0
206.0
222.0
215.0
225.0
234.0
235.0
241.0
238.0
245.0
246.0
248.0
263.0
253.0
262.0
281.0
277.0
292.0
287.0
299.0
307.0
303.0
325.0
319.0
332.0
328.0
344.0
345.0
350.0
360.0
356.0
369.0
384.0
379.0
395.0
407.0
408.0
415.0
413.0
408.0
424.0
434.0
438.0
440.0
454.0
467.0
476.0
462.0
481.0
493.0
507.0
510.0
512.0
502.0
540.0
553.0
555.0
556.0
572.0
560.0
578.0
576.0
578.0
604.0
600.0
627.0
640.0
637.0
671.0
664.0
690.0
714.0
697.0
732.0
737.0
745.0
767.0
767.0
800.0
779.0
783.0
794.0
814.0
849.0
844.0
837.0
849.0
868.0
895.0
917.0
917.0
918.0
942.0
935.0
960.0
960.0
951.0
970.0
979.0
999.0
1000.0
1012.0
1046.0
1058.0
1095.0
1081.0
1077.0
1088.0
1094.0
1123.0
1121.0
1126.0
1157.0
1130.0
1154.0
1150.0
1160.0
1209.0
1212.0
1197.0
1222.0
1249.0
1256.0
1266.0
1232.0
1268.0
1285.0
1256.0
1271.0
1258.0
1289.0
1302.0
1293.0
1296.0
1314.0
1302.0
1309.0
1318.0
1301.0
1317.0
1300.0
1314.0
1341.0
1337.0
1361.0
1364.0
1356.0
1383.0
1375.0
1384.0
1393.0
1385.0
1418.0
1404.0
1403.0
1435.0
1421.0
1418.0
1403.0
1409.0
1423.0
1408.0
1400.0
1415.0
1410.0
1430.0
1432.0
1422.0
1423.0
1428.0
1433.0
1396.0
1408.0
1379.0
1378.0
1370.0
1381.0
1382.0
1400.0
1397.0
1387.0
1420.0
1434.0
1428.0
1433.0
1433.0
1424.0
1426.0
1417.0
1423.0
1415.0
1423.0
1438.0
1412.0
1417.0
1417.0
1394.0
1381.0
1398.0
1415.0
1429.0
1401.0
1403.0
1399.0
1421.0
1439.0
1436.0
1448.0
1445.0
1453.0
1459.0
1442.0
1438.0
1426.0
1440.0
1449.0
1471.0
1464.0
1468.0
1431.0
1421.0
1457.0
1453.0
1447.0
1440.0
1432.0
1431.0
1450.0
1459.0
1451.0
1439.0
1454.0
1458.0
1450.0
1440.0
1470.0
1443.0
1437.0
1434.0
1445.0
1448.0
1432.0
1463.0
1461.0
1442.0
1465.0
1452.0
1471.0
1469.0
1458.0
1454.0
1452.0
1472.0
1439.0
1451.0
1466.0
1448.0
1457.0
1459.0
1447.0
1436.0
1451.0
1480.0
1457.0
1462.0
1428.0
1458.0
1472.0
1458.0
1483.0
1452.0
1453.0
1445.0
1439.0
1466.0
1481.0
1491.0
1478.0
1473.0
1479.0
1470.0
1451.0
1450.0
1455.0
1487.0
1458.0
1468.0
1471.0
1479.0
1507.0
1503.0
1518.0
1508.0
1518.0
1508.0
1524.0
1520.0
1526.0
1521.0
1527.0
1537.0
1533.0
1526.0
1550.0
1546.0
1543.0
1514.0
1527.0
1542.0
1530.0
1534.0
1533.0
1534.0
1531.0
1508.0
1523.0
1498.0
1490.0
1515.0
1492.0
1514.0
1531.0
1548.0
1541.0
1530.0
1533.0
1540.0
1546.0
1562.0
1559.0
1543.0
1559.0
1551.0
1567.0
1535.0
1537.0
1528.0
1542.0
1565.0
1549.0
1553.0
1551.0
1538.0
1557.0
1546.0
1570.0
1571.0
1536.0
1545.0
1534.0
1552.0
1545.0
1538.0
1551.0
1562.0
1527.0
1524.0
1535.0
1536.0
1537.0
1549.0
1534.0
1541.0
1556.0
1561.0
1542.0
1564.0
1556.0
1563.0
1531.0
1526.0
1523.0
1530.0
1524.0
1532.0
1559.0
1553.0
1549.0
1548.0
1539.0
1544.0
1527.0
1539.0
1529.0
1509.0
1518.0
1509.0
1520.0
1536.0
1532.0
1544.0
1544.0
1546.0
1550.0
1561.0
1584.0
1589.0
1604.0
1613.0
1606.0
1610.0
1611.0
1577.0
1545.0
1573.0
1598.0
1568.0
1579.0
1580.0
1623.0
1632.0
1614.0
1633.0
1627.0
1613.0
1603.0
1599.0
1620.0
1618.0
1612.0
1606.0
1593.0
1616.0
1614.0
1611.0
1623.0
1577.0
1616.0
1629.0
1634.0
1607.0
1597.0
1598.0
1613.0
1615.0
1610.0
1670.0
1655.0
1642.0
1628.0
1659.0
1665.0
1664.0
1658.0
1637.0
1643.0
1638.0
1660.0
1643.0
1658.0
1654.0
1654.0
1654.0
1656.0
1633.0
1638.0
1657.0
1649.0
1682.0
1644.0
1629.0
1620.0
1620.0
1633.0
1624.0
1618.0
1605.0
1625.0
1614.0
1633.0
1641.0
1620.0
1600.0
1587.0
1611.0
1628.0
1597.0
1585.0
1585.0
1593.0
1601.0
1598.0
1574.0
1615.0
1579.0
1599.0
1615.0
1619.0
1606.0
1588.0
1597.0
1603.0
1602.0
1589.0
1586.0
1592.0
1568.0
1574.0
1580.0
1599.0
1636.0
1607.0
1619.0
1644.0
1660.0
1670.0
1650.0
1629.0
1631.0
1631.0
1616.0
1636.0
1591.0
1633.0
1639.0
1606.0
1641.0
1624.0
1629.0
1649.0
1658.0
1675.0
1648.0
1638.0
1611.0
1636.0
1634.0
1627.0
1633.0
1644.0
1644.0
1635.0
1664.0
1671.0
1672.0
1633.0
1635.0
1604.0
1611.0
1628.0
1640.0
1620.0
1592.0
1611.0
1618.0
1634.0
1629.0
1612.0
1614.0
1596.0
1601.0
1586.0
1581.0
1614.0
1605.0
1606.0
1622.0
1624.0
1652.0
1633.0
1621.0
1647.0
1640.0
1629.0
1597.0
1603.0
1633.0
1621.0
1643.0
1596.0
1640.0
1626.0
1640.0
1637.0
1636.0
1648.0
1646.0
1636.0
1618.0
1601.0
1588.0
1627.0
1624.0
1646.0
1620.0
1596.0
1588.0
1587.0
1610.0
1598.0
1582.0
1613.0
1616.0
1619.0
1656.0
1630.0
1655.0
1652.0
1659.0
1682.0
1654.0
1649.0
1648.0
1672.0
1675.0
1686.0
1679.0
1702.0
1738.0
1727.0
1706.0
1697.0
1710.0
1708.0
1743.0
1708.0
1721.0
1720.0
1710.0
1706.0
1732.0
1716.0
1704.0
1698.0
1705.0
1703.0
1709.0
1664.0
1665.0
1698.0
1719.0
1701.0
1679.0
1677.0
1705.0
1694.0
1676.0
1690.0
1688.0
1684.0
1710.0
1702.0
1685.0
1680.0
1677.0
1693.0
1706.0
1684.0
1671.0
1679.0
1667.0
1678.0
1660.0
1636.0
1641.0
1628.0
1644.0
1647.0
1627.0
1643.0
1640.0
1669.0
1669.0
1679.0
1670.0
1670.0
1659.0
1667.0
1653.0
1654.0
1649.0
1649.0
1625.0
1628.0
1655.0
1660.0
1635.0
1666.0
1675.0
1668.0
1670.0
1672.0
1686.0
1701.0
1699.0
1694.0
1697.0
1696.0
1673.0
1682.0
1687.0
1697.0
1656.0
1650.0
1664.0
1630.0
1645.0
1649.0
1655.0
1644.0
1656.0
1654.0
1646.0
1648.0
1660.0
1628.0
1625.0
1646.0
1676.0
1691.0
1671.0
1653.0
1676.0
1696.0
1709.0
1720.0
1721.0
1711.0
1693.0
1693.0
1730.0
1687.0
1685.0
1685.0
1710.0
1699.0
1698.0
1727.0
1724.0
1705.0
1721.0
1724.0
1701.0
1701.0
1727.0
1707.0
1719.0
1734.0
1718.0
1714.0
1692.0
1678.0
1697.0
1737.0
1698.0
1710.0
1693.0
1732.0
1728.0
1683.0
1691.0
1696.0
1720.0
1748.0
1708.0
1731.0
1749.0
1763.0
1771.0
1757.0
1753.0
1748.0
1767.0
1810.0
1789.0
1784.0
1796.0
1788.0
1759.0
1767.0
1762.0
1785.0
1785.0
1763.0
1767.0
1765.0
1787.0
1785.0
1796.0
1772.0
1756.0
1760.0
1771.0
1763.0
1775.0
1770.0
1755.0
1772.0
1765.0
1749.0
1769.0
1758.0
1743.0
1761.0
1749.0
1729.0
1722.0
1708.0
1718.0
1708.0
1742.0
1716.0
1735.0
1768.0
1792.0
1796.0
1777.0
1754.0
1761.0
1791.0
1762.0
1748.0
1767.0
1777.0
1782.0
1765.0
1745.0
1737.0
1731.0
1764.0
1755.0
1729.0
1725.0
1726.0
1747.0
1730.0
1720.0
1739.0
1743.0
1729.0
1711.0
1725.0
1769.0
1744.0
1758.0
1731.0
1749.0
1739.0
1736.0
1754.0
1785.0
1776.0
1769.0
1742.0
1736.0
1755.0
1736.0
1735.0
1732.0
1739.0
1759.0
1772.0
1770.0
1758.0
1776.0
1779.0
1760.0
1759.0
1773.0
1741.0
1772.0
1769.0
1731.0
1756.0
1744.0
1749.0
1761.0
1773.0
1744.0
1768.0
1739.0
1700.0
1692.0
1701.0
1697.0
1704.0
1702.0
1704.0
1722.0
1723.0
1760.0
1733.0
1754.0
1746.0
1728.0
1736.0
1706.0
1713.0
1713.0
1701.0
1693.0
1681.0
1691.0
1678.0
1693.0
1724.0
1702.0
1688.0
1686.0
1662.0
1707.0
1679.0
1678.0
1673.0
1718.0
1714.0
1732.0
1708.0
1721.0
1676.0
1672.0
1707.0
1702.0
1700.0
1685.0
1696.0
1714.0
1710.0
1734.0
1707.0
1705.0
1714.0
1698.0
1731.0
1724.0
1747.0
1724.0
1720.0
1723.0
1726.0
1723.0
1720.0
1718.0
1721.0
1707.0
1725.0
1728.0
1731.0
1746.0
1736.0
1682.0
1685.0
1685.0
1697.0
1699.0
1702.0
1716.0
1726.0
1755.0
1705.0
1708.0
1704.0
1723.0
1720.0
1720.0
1726.0
1706.0
1711.0
1705.0
1724.0
1738.0
1745.0
1751.0
1760.0
1772.0
1771.0
1763.0
1758.0
1773.0
1760.0
1760.0
1766.0
1772.0
1772.0
1765.0
1786.0
1804.0
1780.0
1813.0
1817.0
1768.0
1806.0
1784.0
1809.0
1813.0
1824.0
1794.0
1838.0
1831.0
1844.0
1845.0
1824.0
1839.0
1836.0
1818.0
1821.0
1786.0
1793.0
1797.0
1808.0
1760.0
1791.0
1792.0
1774.0
1762.0
1757.0
1751.0
1766.0
1720.0
1734.0
1730.0
1716.0
1712.0
1726.0
1727.0
1709.0
1749.0
1767.0
1790.0
1762.0
1749.0
1732.0
1736.0
1751.0
1746.0
1724.0
1709.0
1700.0
1683.0
1681.0
1687.0
1701.0
1720.0
1668.0
1712.0
1721.0
1723.0
1754.0
1751.0
1750.0
1759.0
1757.0
1769.0
1731.0
1747.0
1778.0
1748.0
1750.0
1739.0
1736.0
1760.0
1723.0
1725.0
1714.0
1718.0
1719.0
1705.0
1684.0
1711.0
1703.0
1737.0
1743.0
1712.0
1711.0
1702.0
1710.0
1714.0
1714.0
1716.0
1677.0
1687.0
1693.0
1717.0
1720.0
1698.0
1676.0
1694.0
1667.0
1695.0
1685.0
1670.0
1680.0
1670.0
1684.0
1689.0
1695.0
1692.0
1724.0
1715.0
1723.0
1721.0
1714.0
1714.0
1723.0
1731.0
1736.0
1740.0
1731.0
1751.0
1738.0
1725.0
1702.0
1716.0
1724.0
1720.0
1726.0
1720.0
1696.0
1688.0
1712.0
1708.0
1710.0
1696.0
1673.0
1666.0
1672.0
1685.0
1702.0
1690.0
1697.0
1665.0
1670.0
1685.0
1689.0
1682.0
1660.0
1638.0
1645.0
1656.0
1668.0
1650.0
1643.0
1626.0
1628.0
1667.0
1642.0
1657.0
1662.0
1650.0
1667.0
1653.0
1658.0
1665.0
1690.0
1687.0
1648.0
1675.0
1694.0
1713.0
1710.0
1698.0
1723.0
1701.0
1706.0
1712.0
1682.0
1685.0
1664.0
1660.0
1657.0
1674.0
1681.0
1687.0
1684.0
1664.0
1701.0
1690.0
1709.0
1691.0
1712.0
1723.0
1724.0
1726.0
1743.0
1719.0
1691.0
1704.0
1683.0
1705.0
1706.0
1688.0
1698.0
1687.0
1693.0
1726.0
1722.0
1720.0
1719.0
1724.0
1721.0
1723.0
1707.0
1721.0
1740.0
1733.0
1713.0
1716.0
1715.0
1743.0
1695.0
1691.0
1699.0
1692.0
1683.0
1692.0
1717.0
1715.0
1710.0
1700.0
1707.0
1709.0
1755.0
1705.0
1727.0
1711.0
1723.0
1740.0
1715.0
1726.0
1698.0
1694.0
1711.0
1696.0
1690.0
1681.0
1711.0
1704.0
1712.0
1658.0
1699.0
1685.0
1695.0
1686.0
1686.0
1705.0
1703.0
1709.0
1706.0
1687.0
1682.0
1702.0
1713.0
1705.0
1669.0
1682.0
1698.0
1672.0
1710.0
1724.0
1691.0
1673.0
1658.0
1670.0
1666.0
1665.0
1662.0
1638.0
1627.0
1634.0
1654.0
1671.0
1640.0
1648.0
1653.0
1696.0
1689.0
1717.0
1699.0
1689.0
1713.0
1667.0
1683.0
1670.0
1666.0
1685.0
1638.0
1635.0
1636.0
1667.0
1673.0
1652.0
1644.0
1631.0
1662.0
1691.0
1695.0
1686.0
1673.0
1693.0
1728.0
1753.0
1732.0
1730.0
1740.0
1736.0
1756.0
1762.0
1735.0
1727.0
1723.0
1734.0
1711.0
1711.0
1743.0
1727.0
1754.0
1693.0
1697.0
1692.0
1670.0
1706.0
1710.0
1705.0
1732.0
1751.0
1775.0
1758.0
1730.0
1713.0
1697.0
1704.0
1718.0
1702.0
1720.0
1701.0
1698.0
1703.0
1679.0
1671.0
1696.0
1671.0
1636.0
1634.0
1654.0
1647.0
1647.0
1627.0
1669.0
1666.0
1662.0
1699.0
1657.0
1681.0
1669.0
1641.0
1665.0
1592.0
1643.0
1643.0
1652.0
1666.0
1647.0
1680.0
1624.0
1655.0
1662.0
1659.0
1666.0
1641.0
1647.0
1646.0
1659.0
1655.0
1671.0
1655.0
1661.0
1689.0
1661.0
1650.0
1652.0
1674.0
1674.0
1672.0
1670.0
1683.0
1721.0
1689.0
1679.0
1684.0
1652.0
1662.0
1635.0
1651.0
1624.0
1608.0
1644.0
1632.0
1664.0
1668.0
1651.0
1630.0
1650.0
1644.0
1682.0
1667.0
1658.0
1659.0
1660.0
1630.0
1620.0
1639.0
1654.0
1640.0
1637.0
1622.0
1633.0
1652.0
1663.0
1668.0
1667.0
1665.0
1676.0
1676.0
1672.0
1677.0
1685.0
1659.0
1667.0
1674.0
1684.0
1715.0
1701.0
1668.0
1692.0
1678.0
1716.0
1706.0
1677.0
1654.0
1656.0
1691.0
1684.0
1643.0
1671.0
1681.0
1667.0
1667.0
1697.0
1713.0
1683.0
1680.0
1670.0
1670.0
1706.0
1715.0
1717.0
1715.0
1729.0
1693.0
1700.0
1722.0
1751.0
1726.0
1725.0
1712.0
1715.0
1717.0
1687.0
1685.0
1681.0
1694.0
1691.0
1673.0
1648.0
1673.0
1690.0
1674.0
1685.0
1671.0
1673.0
1682.0
1666.0
1675.0
1646.0
1665.0
1674.0
1681.0
1686.0
1708.0
1716.0
1713.0
1713.0
1690.0
1672.0
1667.0
1683.0
1697.0
1681.0
1660.0
1649.0
1673.0
1689.0
1675.0
1656.0
1648.0
1653.0
1665.0
1658.0
1634.0
1629.0
1646.0
1667.0
1642.0
1656.0
1649.0
1640.0
1659.0
1674.0
1650.0
1664.0
1671.0
1669.0
