1125.0
866.0
516.0
306.0
210.0
202.0
195.0
195.0
205.0
215.0
230.0
262.0
287.0
310.0
368.0
384.0
427.0
481.0
514.0
589.0
629.0
719.0
790.0
900.0
981.0
1097.0
1187.0
1292.0
1345.0
1450.0
1554.0
1640.0
1717.0
1775.0
1870.0
1929.0
2003.0
2042.0
2154.0
2249.0
2315.0
2405.0
2458.0
2518.0
2577.0
2679.0
2772.0
2819.0
2909.0
2952.0
3022.0
3066.0
3073.0
3099.0
3067.0
3104.0
3101.0
3126.0
3113.0
3097.0
3093.0
3122.0
3159.0
3165.0
3185.0
3191.0
3217.0
3224.0
3232.0
3260.0
3258.0
3312.0
3302.0
3328.0
3294.0
3332.0
3332.0
3350.0
3349.0
3353.0
3336.0
3295.0
3343.0
3318.0
3386.0
3336.0
3410.0
3421.0
3427.0
3422.0
3415.0
3415.0
3408.0
3454.0
3467.0
3443.0
3424.0
3471.0
3438.0
3449.0
3477.0
3429.0
3430.0
3471.0
3493.0
3454.0
3470.0
3481.0
3519.0
3504.0
3468.0
3502.0
3468.0
3469.0
3471.0
3451.0
3429.0
3497.0
3477.0
3470.0
3456.0
3443.0
3410.0
3406.0
3461.0
3523.0
3488.0
3455.0
3442.0
3444.0
3490.0
3470.0
3534.0
3535.0
3518.0
3458.0
3482.0
3522.0
3461.0
3430.0
3460.0
3488.0
3490.0
3450.0
3454.0
3441.0
3458.0
3481.0
3510.0
3453.0
3456.0
3443.0
3483.0
3497.0
3538.0
3497.0
3481.0
3474.0
3445.0
3445.0
3485.0
3501.0
3483.0
3561.0
3576.0
3546.0
3488.0
3486.0
3518.0
3510.0
3516.0
3516.0
3543.0
3522.0
3561.0
3550.0
3510.0
3559.0
3546.0
3548.0
3581.0
3565.0
3563.0
3541.0
3549.0
3535.0
3596.0
3544.0
3537.0
3548.0
3589.0
3539.0
3517.0
3571.0
3541.0
3572.0
3584.0
3566.0
3607.0
3601.0
3615.0
3565.0
3527.0
3568.0
3546.0
3582.0
3522.0
3602.0
3621.0
3575.0
3584.0
3531.0
3562.0
3546.0
3525.0
3543.0
3553.0
3556.0
3572.0
3620.0
3624.0
3620.0
3604.0
3618.0
3594.0
3602.0
3615.0
3616.0
3570.0
3633.0
3582.0
3577.0
3574.0
3613.0
3639.0
3624.0
3612.0
3613.0
3641.0
3620.0
3630.0
3633.0
3592.0
3639.0
3609.0
3625.0
3656.0
3700.0
3666.0
3679.0
3720.0
3709.0
3700.0
3705.0
3668.0
3600.0
3691.0
3676.0
3658.0
3627.0
3653.0
3633.0
3668.0
3652.0
3648.0
3604.0
3657.0
3606.0
3620.0
3630.0
3644.0
3658.0
3613.0
3636.0
3630.0
3636.0
3637.0
3637.0
3627.0
3653.0
3653.0
3604.0
3582.0
3583.0
3573.0
3624.0
3632.0
3659.0
3640.0
3625.0
3643.0
3611.0
3618.0
3672.0
3646.0
3587.0
3635.0
3625.0
3567.0
3643.0
3613.0
3625.0
3580.0
3588.0
3620.0
3638.0
3646.0
3659.0
3643.0
3639.0
3643.0
3648.0
3638.0
3644.0
3664.0
3638.0
3655.0
3639.0
3619.0
3654.0
3676.0
3669.0
3647.0
3710.0
3678.0
3694.0
3665.0
3673.0
3659.0
3698.0
3734.0
3764.0
3759.0
3790.0
3738.0
3716.0
3685.0
3715.0
3730.0
3692.0
3687.0
3693.0
3642.0
3690.0
3650.0
3692.0
3714.0
3704.0
3719.0
3726.0
3714.0
3717.0
3716.0
3739.0
3731.0
3701.0
3695.0
3702.0
3741.0
3750.0
3752.0
3737.0
3760.0
3791.0
3745.0
3786.0
3742.0
3774.0
3768.0
3780.0
3750.0
3718.0
3715.0
3721.0
3671.0
3684.0
3679.0
3737.0
3727.0
3779.0
3762.0
3737.0
3716.0
3683.0
3710.0
3701.0
3729.0
3755.0
3748.0
3724.0
3738.0
3758.0
3787.0
3754.0
3743.0
3751.0
3747.0
3764.0
3728.0
3726.0
3755.0
3757.0
3732.0
3747.0
3744.0
3774.0
3798.0
3785.0
3794.0
3800.0
3813.0
3816.0
3814.0
3795.0
3795.0
3793.0
3790.0
3794.0
3837.0
3819.0
3843.0
3843.0
3785.0
3789.0
3801.0
3814.0
3822.0
3825.0
3802.0
3773.0
3780.0
3815.0
3839.0
3813.0
3788.0
3746.0
3801.0
3801.0
3794.0
3791.0
3797.0
3747.0
3782.0
3775.0
3763.0
3807.0
3755.0
3747.0
3747.0
3748.0
3783.0
3769.0
3739.0
3745.0
3782.0
3774.0
3791.0
3774.0
3767.0
3749.0
3756.0
3771.0
3788.0
3786.0
3776.0
3782.0
3805.0
3823.0
3838.0
3850.0
3803.0
3805.0
3814.0
3826.0
3827.0
3809.0
3747.0
3792.0
3815.0
3823.0
3849.0
3819.0
3797.0
3782.0
3808.0
3807.0
3815.0
3800.0
3746.0
3748.0
3787.0
3802.0
3821.0
3779.0
3810.0
3821.0
3830.0
3832.0
3798.0
3824.0
3758.0
3804.0
3802.0
3784.0
3785.0
3774.0
3771.0
3766.0
3783.0
3785.0
3817.0
3791.0
3780.0
3779.0
3763.0
3796.0
3833.0
3824.0
3781.0
3787.0
3773.0
3787.0
3806.0
3773.0
3852.0
3789.0
3783.0
3811.0
3777.0
3790.0
3753.0
3722.0
3759.0
3839.0
3846.0
3829.0
3738.0
3719.0
3737.0
3747.0
3779.0
3808.0
3786.0
3781.0
3809.0
3752.0
3811.0
3754.0
3737.0
3730.0
3772.0
3807.0
3797.0
3815.0
3844.0
3780.0
3788.0
3755.0
3780.0
3792.0
3799.0
3775.0
3779.0
3738.0
3790.0
3792.0
3787.0
3726.0
3689.0
3715.0
3717.0
3756.0
3713.0
3745.0
3744.0
3761.0
3772.0
3734.0
3750.0
3807.0
3785.0
3768.0
3743.0
3776.0
3770.0
3769.0
3785.0
3756.0
3729.0
3791.0
3787.0
3824.0
3754.0
3778.0
3745.0
3775.0
3735.0
3751.0
3810.0
3799.0
3759.0
3735.0
3737.0
3770.0
3760.0
3763.0
3746.0
3770.0
3761.0
3805.0
3794.0
3766.0
3762.0
3781.0
3764.0
3714.0
3711.0
3753.0
3762.0
3750.0
3761.0
3739.0
3727.0
3754.0
3750.0
3768.0
3750.0
3756.0
3728.0
3748.0
3727.0
3715.0
