1116.0
866.0
532.0
305.0
204.0
188.0
172.0
165.0
180.0
196.0
217.0
246.0
272.0
309.0
353.0
403.0
444.0
499.0
539.0
597.0
642.0
723.0
793.0
873.0
936.0
1026.0
1104.0
1191.0
1278.0
1343.0
1412.0
1473.0
1544.0
1600.0
1677.0
1765.0
1855.0
1909.0
1950.0
2007.0
2071.0
2164.0
2219.0
2294.0
2335.0
2397.0
2456.0
2520.0
2582.0
2621.0
2693.0
2740.0
2771.0
2814.0
2846.0
2858.0
2902.0
2934.0
2932.0
2943.0
2944.0
2958.0
3019.0
3058.0
3053.0
3053.0
3052.0
3064.0
3107.0
3137.0
3092.0
3098.0
3123.0
3146.0
3106.0
3121.0
3131.0
3148.0
3127.0
3175.0
3189.0
3199.0
3218.0
3212.0
3226.0
3235.0
3233.0
3267.0
3322.0
3320.0
3297.0
3258.0
3247.0
3258.0
3214.0
3227.0
3260.0
3248.0
3269.0
3256.0
3280.0
3275.0
3314.0
3297.0
3297.0
3236.0
3245.0
3209.0
3259.0
3250.0
3265.0
3278.0
3274.0
3301.0
3294.0
3305.0
3326.0
3314.0
3320.0
3364.0
3337.0
3331.0
3323.0
3381.0
3355.0
3415.0
3384.0
3406.0
3373.0
3383.0
3393.0
3386.0
3407.0
3437.0
3371.0
3381.0
3401.0
3407.0
3467.0
3490.0
3515.0
3535.0
3503.0
3484.0
3503.0
3527.0
3522.0
3527.0
3525.0
3514.0
3541.0
3547.0
3555.0
3549.0
3551.0
3551.0
3586.0
3539.0
3523.0
3556.0
3551.0
3558.0
3577.0
3580.0
3578.0
3590.0
3577.0
3550.0
3575.0
3558.0
3551.0
3580.0
3600.0
3614.0
3618.0
3604.0
3575.0
3585.0
3610.0
3593.0
3546.0
3580.0
3667.0
3619.0
3593.0
3580.0
3607.0
3633.0
3633.0
3683.0
3623.0
3644.0
3582.0
3615.0
3597.0
3637.0
3674.0
3630.0
3587.0
3555.0
3522.0
3520.0
3546.0
3628.0
3640.0
3656.0
3676.0
3653.0
3660.0
3605.0
3595.0
3631.0
3581.0
3647.0
3618.0
3605.0
3606.0
3562.0
3640.0
3628.0
3610.0
3686.0
3656.0
3657.0
3646.0
3589.0
3562.0
3615.0
3593.0
3632.0
3598.0
3609.0
3621.0
3610.0
3621.0
3633.0
3632.0
3621.0
3593.0
3606.0
3621.0
3630.0
3607.0
3584.0
3586.0
3572.0
3559.0
3600.0
3601.0
3570.0
3577.0
3569.0
3562.0
3605.0
3541.0
3554.0
3573.0
3570.0
3572.0
3597.0
3595.0
3602.0
3586.0
3589.0
3592.0
3548.0
3583.0
3574.0
3557.0
3570.0
3531.0
3564.0
3571.0
3559.0
3547.0
3517.0
3541.0
3530.0
3515.0
3523.0
3528.0
3532.0
3570.0
3545.0
3525.0
3544.0
3553.0
3526.0
3516.0
3513.0
3533.0
3525.0
3555.0
3580.0
3566.0
3527.0
3507.0
3494.0
3500.0
3499.0
3509.0
3511.0
3497.0
3542.0
3512.0
3503.0
3500.0
3471.0
3488.0
3477.0
3531.0
3473.0
3500.0
3497.0
3463.0
3506.0
3524.0
3579.0
3574.0
3488.0
3506.0
3514.0
3493.0
3506.0
3483.0
3529.0
3561.0
3516.0
3474.0
3469.0
3499.0
3443.0
3456.0
3436.0
3457.0
3455.0
3455.0
3466.0
3434.0
3455.0
3476.0
3487.0
3498.0
3447.0
3488.0
3482.0
3496.0
3480.0
3441.0
3514.0
3488.0
3528.0
3503.0
3470.0
3486.0
3482.0
3467.0
3481.0
3502.0
3456.0
3487.0
3421.0
3447.0
3499.0
3509.0
3481.0
3471.0
3461.0
3465.0
3513.0
3512.0
3533.0
3517.0
3479.0
3489.0
3489.0
3486.0
3473.0
3509.0
3464.0
3469.0
3495.0
3528.0
3465.0
3456.0
3469.0
3500.0
3511.0
3490.0
3514.0
3492.0
3498.0
3502.0
3505.0
3529.0
3513.0
3492.0
3509.0
3524.0
3514.0
3464.0
3466.0
3483.0
3567.0
3519.0
3496.0
3505.0
3494.0
3448.0
3474.0
3502.0
3497.0
3409.0
3422.0
3471.0
3507.0
3504.0
3472.0
3463.0
3427.0
3505.0
3466.0
3488.0
3450.0
3446.0
3465.0
3487.0
3532.0
3527.0
3489.0
3525.0
3475.0
3500.0
3453.0
3450.0
3446.0
3448.0
3401.0
3464.0
3494.0
3479.0
3527.0
3532.0
3463.0
3472.0
3480.0
3481.0
