1109.0
870.0
502.0
309.0
206.0
203.0
202.0
212.0
220.0
246.0
249.0
261.0
259.0
270.0
266.0
290.0
305.0
335.0
366.0
381.0
432.0
452.0
492.0
526.0
564.0
635.0
685.0
726.0
782.0
836.0
889.0
952.0
1017.0
1080.0
1157.0
1207.0
1262.0
1296.0
1370.0
1430.0
1495.0
1581.0
1641.0
1668.0
1734.0
1830.0
1878.0
1961.0
2005.0
2028.0
2099.0
2148.0
2190.0
2239.0
2289.0
2352.0
2363.0
2403.0
2427.0
2461.0
2481.0
2513.0
2563.0
2599.0
2638.0
2657.0
2677.0
2728.0
2707.0
2734.0
2766.0
2826.0
2885.0
2874.0
2899.0
2928.0
2947.0
2947.0
2942.0
2974.0
2988.0
3024.0
2978.0
3029.0
3041.0
3060.0
3030.0
3067.0
3054.0
3129.0
3142.0
3136.0
3146.0
3159.0
3225.0
3258.0
3270.0
3280.0
3276.0
3295.0
3256.0
3281.0
3281.0
3296.0
3312.0
3288.0
3288.0
3333.0
3371.0
3350.0
3372.0
3319.0
3394.0
3390.0
3365.0
3366.0
3334.0
3341.0
3356.0
3350.0
3356.0
3359.0
3370.0
3376.0
3372.0
3331.0
3362.0
3342.0
3359.0
3355.0
3389.0
3361.0
3309.0
3319.0
3347.0
3313.0
3320.0
3356.0
3352.0
3335.0
3292.0
3341.0
3315.0
3326.0
3356.0
3392.0
3390.0
3328.0
3342.0
3396.0
3415.0
3419.0
3402.0
3403.0
3411.0
3445.0
3427.0
3423.0
3439.0
3379.0
3430.0
3519.0
3484.0
3448.0
3478.0
3483.0
3471.0
3478.0
3474.0
3465.0
3494.0
3446.0
3463.0
3481.0
3500.0
3489.0
3515.0
3507.0
3509.0
3480.0
3513.0
3510.0
3499.0
3500.0
3536.0
3532.0
3568.0
3544.0
3559.0
3549.0
3513.0
3516.0
3580.0
3581.0
3566.0
3567.0
3582.0
3579.0
3549.0
3563.0
3524.0
3553.0
3613.0
3629.0
3562.0
3542.0
3558.0
3619.0
3677.0
3689.0
3699.0
3661.0
3614.0
3624.0
3649.0
3669.0
3658.0
3628.0
3617.0
3641.0
3683.0
3672.0
3664.0
3665.0
3641.0
3666.0
3699.0
3689.0
3707.0
3703.0
3704.0
3684.0
3663.0
3636.0
3616.0
3674.0
3695.0
3675.0
3683.0
3665.0
3705.0
3649.0
3665.0
3717.0
3696.0
3713.0
3710.0
3701.0
3703.0
3708.0
3677.0
3708.0
3692.0
3736.0
3685.0
3672.0
3672.0
3646.0
3720.0
3713.0
3675.0
3716.0
3690.0
3685.0
3726.0
3747.0
3668.0
3679.0
3750.0
3733.0
3729.0
3671.0
3705.0
3681.0
3731.0
3651.0
3632.0
3633.0
3654.0
3650.0
3686.0
3657.0
3669.0
3645.0
3693.0
3713.0
3711.0
3689.0
3698.0
3664.0
3627.0
3688.0
3625.0
3632.0
3646.0
3596.0
3589.0
3636.0
3642.0
3644.0
3622.0
3622.0
3621.0
3615.0
3603.0
3591.0
3572.0
3586.0
3589.0
3604.0
3635.0
3662.0
3617.0
3594.0
3609.0
3591.0
3601.0
3611.0
3606.0
3643.0
3631.0
3628.0
3614.0
3627.0
3602.0
3613.0
3641.0
3667.0
3684.0
3652.0
3623.0
3642.0
3632.0
3637.0
3613.0
3654.0
3635.0
3606.0
3621.0
3649.0
3692.0
3669.0
3646.0
3656.0
3658.0
3637.0
3691.0
3693.0
3682.0
3684.0
3646.0
3647.0
3670.0
3682.0
3635.0
3647.0
3645.0
3653.0
3661.0
3684.0
3628.0
3639.0
3620.0
3632.0
3634.0
3679.0
3675.0
3674.0
3665.0
3642.0
3630.0
3630.0
3704.0
3637.0
3621.0
3670.0
3692.0
3706.0
3652.0
3672.0
3687.0
3690.0
3724.0
3680.0
3681.0
3686.0
3673.0
3718.0
3735.0
3761.0
3771.0
3717.0
3717.0
3773.0
3802.0
3754.0
3780.0
3781.0
3769.0
3793.0
3758.0
3748.0
3775.0
3782.0
3741.0
3732.0
3741.0
3772.0
3736.0
3784.0
3755.0
3756.0
3747.0
3748.0
3808.0
3822.0
3832.0
3886.0
3816.0
3738.0
3770.0
3757.0
3810.0
3770.0
3726.0
3748.0
3759.0
3732.0
3743.0
3782.0
3771.0
3757.0
3783.0
3738.0
3720.0
3759.0
3759.0
3787.0
3816.0
3763.0
3773.0
3739.0
3752.0
3743.0
3762.0
3764.0
3762.0
3762.0
3720.0
3728.0
3751.0
3791.0
3740.0
3743.0
3728.0
3724.0
3708.0
3738.0
3745.0
3719.0
