1120.0
880.0
511.0
321.0
199.0
176.0
178.0
169.0
176.0
161.0
163.0
167.0
159.0
158.0
153.0
153.0
153.0
159.0
155.0
160.0
170.0
164.0
168.0
166.0
173.0
176.0
175.0
180.0
179.0
180.0
183.0
179.0
183.0
177.0
182.0
190.0
183.0
192.0
198.0
202.0
213.0
203.0
204.0
210.0
214.0
223.0
218.0
216.0
216.0
234.0
227.0
223.0
227.0
213.0
208.0
213.0
232.0
221.0
216.0
218.0
224.0
216.0
226.0
228.0
233.0
242.0
237.0
247.0
246.0
243.0
260.0
247.0
243.0
241.0
237.0
233.0
246.0
237.0
245.0
245.0
257.0
247.0
246.0
233.0
246.0
241.0
247.0
245.0
249.0
254.0
250.0
246.0
259.0
254.0
253.0
254.0
263.0
267.0
280.0
284.0
280.0
267.0
275.0
270.0
266.0
275.0
264.0
267.0
261.0
267.0
279.0
281.0
274.0
281.0
267.0
277.0
276.0
270.0
281.0
276.0
288.0
282.0
277.0
298.0
291.0
295.0
295.0
297.0
303.0
304.0
314.0
303.0
300.0
324.0
324.0
317.0
312.0
312.0
327.0
317.0
330.0
313.0
312.0
323.0
327.0
328.0
326.0
310.0
326.0
310.0
306.0
312.0
301.0
315.0
298.0
307.0
305.0
295.0
298.0
296.0
301.0
299.0
302.0
318.0
304.0
300.0
307.0
310.0
312.0
305.0
310.0
305.0
302.0
291.0
297.0
300.0
297.0
301.0
294.0
299.0
293.0
302.0
309.0
300.0
308.0
303.0
290.0
291.0
292.0
290.0
305.0
297.0
300.0
294.0
296.0
275.0
292.0
303.0
298.0
296.0
300.0
302.0
294.0
305.0
308.0
289.0
303.0
303.0
304.0
307.0
310.0
320.0
324.0
332.0
321.0
338.0
350.0
350.0
348.0
335.0
347.0
352.0
360.0
362.0
364.0
373.0
357.0
363.0
367.0
360.0
349.0
355.0
347.0
349.0
339.0
331.0
328.0
325.0
331.0
331.0
344.0
349.0
348.0
342.0
359.0
339.0
341.0
345.0
334.0
344.0
332.0
338.0
326.0
336.0
329.0
328.0
326.0
335.0
339.0
341.0
338.0
334.0
322.0
342.0
340.0
327.0
340.0
328.0
361.0
343.0
338.0
338.0
344.0
359.0
359.0
343.0
343.0
345.0
357.0
356.0
369.0
368.0
358.0
384.0
389.0
384.0
376.0
369.0
369.0
362.0
367.0
355.0
348.0
348.0
349.0
358.0
363.0
361.0
363.0
366.0
353.0
360.0
358.0
365.0
365.0
361.0
359.0
368.0
376.0
366.0
365.0
365.0
385.0
370.0
369.0
363.0
364.0
363.0
362.0
356.0
347.0
341.0
367.0
370.0
363.0
359.0
362.0
361.0
366.0
352.0
354.0
355.0
357.0
360.0
369.0
359.0
359.0
364.0
362.0
367.0
374.0
363.0
366.0
388.0
386.0
368.0
383.0
370.0
373.0
376.0
378.0
385.0
376.0
373.0
400.0
382.0
376.0
375.0
363.0
366.0
378.0
372.0
367.0
357.0
363.0
377.0
366.0
377.0
370.0
378.0
391.0
373.0
386.0
377.0
382.0
386.0
396.0
380.0
387.0
386.0
384.0
381.0
365.0
379.0
380.0
368.0
376.0
374.0
373.0
380.0
380.0
374.0
373.0
375.0
384.0
358.0
373.0
374.0
381.0
380.0
375.0
368.0
357.0
367.0
380.0
377.0
377.0
374.0
364.0
355.0
351.0
357.0
373.0
375.0
375.0
362.0
370.0
373.0
378.0
372.0
360.0
367.0
375.0
369.0
371.0
364.0
366.0
364.0
372.0
360.0
363.0
363.0
368.0
370.0
360.0
362.0
359.0
360.0
363.0
362.0
368.0
351.0
357.0
356.0
357.0
364.0
345.0
343.0
343.0
357.0
351.0
332.0
343.0
338.0
338.0
360.0
348.0
335.0
348.0
350.0
354.0
341.0
337.0
334.0
345.0
359.0
352.0
349.0
353.0
348.0
353.0
351.0
355.0
351.0
354.0
343.0
338.0
340.0
345.0
331.0
342.0
343.0
338.0
341.0
347.0
346.0
354.0
349.0
357.0
371.0
374.0
379.0
373.0
365.0
369.0
354.0
358.0
359.0
368.0
359.0
377.0
364.0
363.0
373.0
371.0
360.0
374.0
381.0
376.0
376.0
368.0
358.0
364.0
367.0
378.0
370.0
377.0
383.0
388.0
388.0
371.0
365.0
365.0
367.0
384.0
360.0
351.0
361.0
363.0
355.0
363.0
357.0
366.0
363.0
359.0
363.0
350.0
364.0
362.0
367.0
352.0
341.0
336.0
354.0
342.0
343.0
348.0
329.0
342.0
342.0
337.0
341.0
359.0
364.0
375.0
361.0
357.0
354.0
355.0
361.0
350.0
339.0
349.0
351.0
363.0
348.0
349.0
353.0
349.0
360.0
353.0
346.0
360.0
349.0
357.0
356.0
368.0
367.0
357.0
348.0
348.0
342.0
358.0
375.0
363.0
369.0
358.0
362.0
365.0
368.0
374.0
382.0
377.0
371.0
382.0
362.0
354.0
361.0
359.0
372.0
377.0
373.0
378.0
396.0
386.0
391.0
390.0
388.0
368.0
386.0
375.0
365.0
375.0
377.0
369.0
369.0
367.0
368.0
383.0
400.0
401.0
401.0
397.0
412.0
413.0
417.0
429.0
438.0
419.0
427.0
420.0
436.0
439.0
446.0
440.0
436.0
451.0
441.0
441.0
464.0
448.0
421.0
420.0
415.0
417.0
412.0
417.0
434.0
431.0
416.0
421.0
424.0
414.0
419.0
420.0
419.0
400.0
400.0
397.0
386.0
406.0
395.0
409.0
409.0
393.0
400.0
395.0
396.0
423.0
423.0
398.0
395.0
394.0
400.0
406.0
398.0
393.0
389.0
371.0
373.0
380.0
366.0
360.0
367.0
374.0
380.0
366.0
362.0
372.0
353.0
360.0
360.0
369.0
371.0
377.0
375.0
379.0
384.0
383.0
389.0
382.0
374.0
373.0
384.0
386.0
376.0
371.0
378.0
361.0
359.0
367.0
372.0
371.0
354.0
343.0
340.0
341.0
342.0
344.0
341.0
342.0
352.0
338.0
340.0
343.0
345.0
348.0
348.0
363.0
362.0
347.0
371.0
366.0
374.0
382.0
377.0
374.0
372.0
369.0
376.0
390.0
364.0
363.0
364.0
381.0
395.0
384.0
371.0
377.0
380.0
381.0
377.0
393.0
390.0
391.0
401.0
390.0
395.0
402.0
392.0
397.0
397.0
388.0
377.0
364.0
376.0
356.0
369.0
376.0
367.0
368.0
378.0
383.0
379.0
387.0
354.0
357.0
365.0
369.0
369.0
362.0
355.0
383.0
393.0
369.0
364.0
370.0
364.0
350.0
355.0
361.0
352.0
351.0
362.0
358.0
364.0
357.0
370.0
374.0
384.0
395.0
384.0
382.0
382.0
370.0
364.0
371.0
369.0
380.0
388.0
386.0
381.0
386.0
386.0
386.0
382.0
392.0
385.0
405.0
399.0
399.0
399.0
391.0
396.0
401.0
389.0
390.0
388.0
387.0
403.0
380.0
382.0
394.0
375.0
403.0
410.0
385.0
379.0
379.0
383.0
405.0
385.0
384.0
391.0
379.0
390.0
400.0
392.0
378.0
374.0
385.0
385.0
384.0
383.0
382.0
379.0
410.0
394.0
398.0
391.0
395.0
421.0
408.0
403.0
394.0
390.0
385.0
388.0
391.0
383.0
380.0
393.0
400.0
391.0
402.0
410.0
417.0
425.0
415.0
412.0
416.0
422.0
401.0
397.0
417.0
422.0
409.0
415.0
401.0
414.0
406.0
412.0
404.0
403.0
425.0
419.0
427.0
426.0
410.0
417.0
413.0
410.0
422.0
414.0
411.0
419.0
432.0
406.0
410.0
417.0
418.0
425.0
412.0
400.0
397.0
418.0
395.0
411.0
406.0
413.0
415.0
432.0
428.0
424.0
419.0
407.0
419.0
411.0
410.0
416.0
416.0
391.0
401.0
406.0
393.0
407.0
409.0
414.0
415.0
416.0
415.0
416.0
407.0
415.0
416.0
397.0
389.0
400.0
400.0
396.0
413.0
407.0
405.0
402.0
409.0
401.0
398.0
372.0
368.0
370.0
372.0
388.0
386.0
395.0
394.0
381.0
391.0
382.0
362.0
361.0
366.0
376.0
366.0
382.0
372.0
372.0
366.0
374.0
391.0
392.0
377.0
396.0
391.0
394.0
392.0
393.0
397.0
397.0
402.0
416.0
392.0
406.0
393.0
389.0
393.0
395.0
394.0
404.0
391.0
397.0
399.0
396.0
392.0
381.0
395.0
383.0
388.0
393.0
389.0
404.0
403.0
407.0
406.0
415.0
406.0
415.0
397.0
405.0
410.0
413.0
413.0
411.0
423.0
426.0
432.0
425.0
417.0
428.0
442.0
417.0
407.0
409.0
413.0
408.0
431.0
414.0
416.0
428.0
412.0
403.0
420.0
427.0
417.0
406.0
405.0
423.0
415.0
430.0
423.0
416.0
427.0
440.0
450.0
439.0
435.0
440.0
462.0
454.0
449.0
455.0
449.0
450.0
452.0
436.0
450.0
436.0
431.0
444.0
435.0
432.0
439.0
428.0
423.0
427.0
424.0
438.0
416.0
406.0
399.0
403.0
408.0
409.0
412.0
398.0
407.0
401.0
403.0
409.0
410.0
403.0
410.0
400.0
400.0
400.0
418.0
418.0
432.0
427.0
430.0
441.0
433.0
418.0
423.0
428.0
426.0
410.0
410.0
423.0
418.0
415.0
420.0
411.0
425.0
431.0
413.0
419.0
412.0
409.0
405.0
393.0
399.0
402.0
410.0
394.0
412.0
423.0
418.0
403.0
409.0
415.0
422.0
447.0
427.0
426.0
427.0
426.0
425.0
416.0
425.0
417.0
424.0
433.0
429.0
414.0
409.0
414.0
410.0
412.0
415.0
406.0
398.0
397.0
405.0
392.0
385.0
396.0
393.0
394.0
383.0
394.0
378.0
385.0
393.0
391.0
384.0
383.0
380.0
390.0
393.0
388.0
387.0
390.0
404.0
412.0
404.0
400.0
407.0
396.0
400.0
391.0
402.0
413.0
408.0
409.0
406.0
405.0
392.0
395.0
410.0
418.0
419.0
407.0
410.0
407.0
400.0
398.0
374.0
384.0
379.0
386.0
378.0
374.0
369.0
379.0
394.0
379.0
376.0
396.0
393.0
405.0
397.0
393.0
406.0
382.0
392.0
398.0
390.0
397.0
398.0
391.0
401.0
397.0
389.0
394.0
403.0
408.0
407.0
393.0
393.0
403.0
412.0
406.0
406.0
401.0
408.0
405.0
402.0
398.0
391.0
408.0
396.0
401.0
406.0
403.0
418.0
402.0
412.0
395.0
418.0
396.0
406.0
400.0
400.0
399.0
406.0
408.0
396.0
397.0
396.0
391.0
396.0
401.0
407.0
420.0
411.0
407.0
423.0
409.0
402.0
410.0
411.0
417.0
413.0
407.0
421.0
410.0
407.0
425.0
397.0
411.0
406.0
409.0
426.0
439.0
431.0
435.0
410.0
409.0
430.0
434.0
439.0
415.0
431.0
426.0
431.0
448.0
433.0
422.0
430.0
437.0
450.0
445.0
434.0
430.0
439.0
446.0
447.0
459.0
444.0
438.0
436.0
408.0
407.0
418.0
411.0
405.0
394.0
399.0
407.0
407.0
409.0
407.0
418.0
428.0
398.0
386.0
384.0
371.0
359.0
362.0
371.0
389.0
384.0
375.0
370.0
361.0
365.0
359.0
354.0
365.0
366.0
375.0
385.0
382.0
375.0
372.0
390.0
394.0
391.0
386.0
404.0
399.0
398.0
385.0
373.0
380.0
378.0
387.0
385.0
392.0
402.0
423.0
399.0
398.0
395.0
402.0
394.0
394.0
394.0
394.0
396.0
401.0
403.0
394.0
408.0
396.0
409.0
406.0
403.0
396.0
389.0
385.0
382.0
385.0
392.0
400.0
397.0
398.0
403.0
409.0
418.0
408.0
414.0
404.0
410.0
400.0
407.0
417.0
403.0
397.0
412.0
407.0
425.0
429.0
419.0
424.0
432.0
427.0
435.0
423.0
437.0
433.0
418.0
451.0
429.0
423.0
411.0
409.0
423.0
415.0
409.0
407.0
409.0
399.0
410.0
409.0
410.0
414.0
411.0
415.0
401.0
393.0
404.0
398.0
390.0
405.0
394.0
395.0
413.0
412.0
409.0
401.0
401.0
407.0
402.0
394.0
404.0
395.0
406.0
397.0
404.0
388.0
387.0
400.0
391.0
385.0
376.0
377.0
389.0
394.0
380.0
394.0
383.0
382.0
397.0
389.0
382.0
377.0
371.0
376.0
368.0
370.0
379.0
390.0
378.0
366.0
363.0
377.0
364.0
362.0
369.0
368.0
370.0
361.0
346.0
358.0
369.0
362.0
364.0
360.0
356.0
355.0
353.0
356.0
363.0
377.0
382.0
373.0
385.0
382.0
383.0
387.0
379.0
376.0
375.0
362.0
375.0
377.0
369.0
388.0
393.0
410.0
399.0
369.0
378.0
376.0
385.0
383.0
373.0
371.0
382.0
379.0
377.0
368.0
357.0
366.0
377.0
378.0
377.0
390.0
367.0
381.0
391.0
391.0
391.0
393.0
382.0
387.0
396.0
391.0
386.0
378.0
394.0
371.0
367.0
371.0
355.0
351.0
362.0
354.0
368.0
358.0
365.0
376.0
360.0
362.0
358.0
338.0
342.0
344.0
357.0
368.0
369.0
375.0
373.0
377.0
366.0
382.0
388.0
379.0
387.0
379.0
374.0
365.0
370.0
384.0
387.0
392.0
394.0
384.0
383.0
387.0
385.0
385.0
374.0
383.0
379.0
381.0
380.0
381.0
363.0
364.0
366.0
373.0
384.0
378.0
386.0
390.0
398.0
394.0
389.0
389.0
391.0
376.0
394.0
392.0
399.0
398.0
408.0
402.0
389.0
392.0
383.0
380.0
379.0
394.0
415.0
406.0
400.0
395.0
388.0
394.0
375.0
373.0
383.0
379.0
376.0
365.0
382.0
383.0
380.0
388.0
392.0
383.0
396.0
392.0
396.0
411.0
409.0
409.0
409.0
395.0
387.0
386.0
385.0
373.0
372.0
372.0
374.0
362.0
369.0
370.0
382.0
400.0
392.0
381.0
374.0
375.0
376.0
375.0
380.0
371.0
367.0
383.0
385.0
390.0
373.0
367.0
370.0
373.0
376.0
376.0
374.0
384.0
378.0
367.0
381.0
377.0
374.0
367.0
361.0
359.0
361.0
368.0
361.0
357.0
361.0
357.0
353.0
352.0
368.0
371.0
373.0
376.0
367.0
375.0
372.0
384.0
393.0
394.0
393.0
380.0
387.0
388.0
381.0
375.0
382.0
371.0
373.0
371.0
366.0
361.0
380.0
372.0
365.0
361.0
355.0
352.0
345.0
336.0
350.0
346.0
351.0
352.0
361.0
362.0
360.0
358.0
373.0
371.0
372.0
378.0
357.0
354.0
353.0
343.0
340.0
345.0
346.0
346.0
342.0
354.0
355.0
368.0
375.0
369.0
360.0
359.0
357.0
350.0
350.0
363.0
369.0
372.0
362.0
366.0
363.0
361.0
366.0
360.0
380.0
382.0
377.0
371.0
385.0
380.0
379.0
389.0
392.0
373.0
364.0
372.0
361.0
367.0
364.0
361.0
370.0
365.0
370.0
376.0
371.0
387.0
395.0
378.0
372.0
380.0
378.0
379.0
372.0
372.0
366.0
359.0
369.0
381.0
381.0
381.0
390.0
393.0
406.0
389.0
382.0
400.0
411.0
419.0
411.0
406.0
416.0
425.0
419.0
417.0
424.0
420.0
420.0
431.0
430.0
430.0
427.0
419.0
437.0
431.0
422.0
423.0
425.0
414.0
418.0
417.0
419.0
412.0
404.0
405.0
399.0
400.0
400.0
403.0
409.0
403.0
394.0
399.0
395.0
397.0
416.0
404.0
407.0
405.0
393.0
410.0
385.0
391.0
372.0
370.0
367.0
359.0
368.0
373.0
385.0
390.0
380.0
390.0
400.0
397.0
391.0
398.0
406.0
397.0
402.0
384.0
386.0
380.0
385.0
395.0
404.0
386.0
385.0
400.0
400.0
405.0
399.0
397.0
400.0
398.0
404.0
400.0
410.0
406.0
393.0
398.0
383.0
392.0
391.0
385.0
377.0
390.0
369.0
388.0
379.0
378.0
381.0
365.0
375.0
390.0
387.0
387.0
376.0
372.0
377.0
380.0
384.0
382.0
385.0
385.0
380.0
391.0
395.0
411.0
389.0
386.0
388.0
392.0
385.0
391.0
386.0
386.0
385.0
386.0
382.0
370.0
372.0
382.0
376.0
366.0
367.0
360.0
365.0
361.0
364.0
367.0
370.0
373.0
378.0
372.0
384.0
380.0
389.0
388.0
374.0
366.0
374.0
380.0
384.0
400.0
379.0
380.0
378.0
383.0
400.0
387.0
399.0
381.0
383.0
407.0
407.0
404.0
409.0
400.0
391.0
388.0
388.0
382.0
382.0
376.0
404.0
403.0
395.0
400.0
389.0
392.0
406.0
400.0
414.0
396.0
397.0
403.0
404.0
391.0
391.0
383.0
388.0
403.0
394.0
403.0
403.0
386.0
394.0
386.0
386.0
385.0
390.0
391.0
384.0
389.0
389.0
395.0
407.0
394.0
396.0
397.0
393.0
390.0
393.0
391.0
397.0
400.0
406.0
410.0
412.0
387.0
399.0
405.0
390.0
379.0
391.0
397.0
400.0
412.0
411.0
408.0
408.0
404.0
410.0
412.0
433.0
414.0
407.0
405.0
424.0
437.0
431.0
420.0
434.0
419.0
422.0
433.0
416.0
409.0
392.0
403.0
405.0
406.0
416.0
415.0
409.0
412.0
407.0
408.0
404.0
413.0
415.0
416.0
405.0
413.0
422.0
424.0
422.0
438.0
429.0
431.0
426.0
421.0
428.0
429.0
436.0
420.0
431.0
438.0
417.0
426.0
413.0
400.0
416.0
414.0
411.0
414.0
408.0
413.0
414.0
413.0
405.0
395.0
398.0
396.0
409.0
393.0
394.0
390.0
374.0
385.0
380.0
380.0
372.0
380.0
397.0
413.0
397.0
396.0
392.0
391.0
407.0
402.0
407.0
413.0
409.0
419.0
399.0
405.0
408.0
414.0
401.0
417.0
421.0
421.0
425.0
415.0
406.0
405.0
406.0
420.0
426.0
442.0
447.0
441.0
441.0
452.0
423.0
419.0
410.0
409.0
419.0
411.0
421.0
419.0
406.0
405.0
416.0
404.0
399.0
407.0
392.0
407.0
410.0
401.0
411.0
406.0
399.0
420.0
409.0
410.0
391.0
399.0
416.0
400.0
406.0
382.0
384.0
379.0
393.0
390.0
404.0
388.0
396.0
410.0
406.0
407.0
387.0
392.0
390.0
380.0
381.0
364.0
370.0
379.0
379.0
378.0
379.0
382.0
379.0
368.0
364.0
361.0
390.0
382.0
373.0
372.0
384.0
391.0
386.0
377.0
381.0
375.0
369.0
387.0
374.0
379.0
392.0
384.0
393.0
386.0
384.0
393.0
374.0
367.0
388.0
378.0
392.0
387.0
391.0
392.0
367.0
382.0
377.0
379.0
396.0
370.0
379.0
386.0
389.0
390.0
393.0
375.0
381.0
376.0
386.0
390.0
394.0
404.0
384.0
390.0
404.0
408.0
419.0
418.0
412.0
432.0
418.0
401.0
396.0
388.0
391.0
401.0
396.0
381.0
377.0
360.0
364.0
382.0
376.0
381.0
378.0
378.0
394.0
371.0
383.0
390.0
392.0
396.0
395.0
375.0
395.0
395.0
403.0
399.0
408.0
411.0
422.0
411.0
420.0
414.0
398.0
408.0
398.0
412.0
405.0
396.0
399.0
392.0
397.0
402.0
402.0
398.0
406.0
401.0
398.0
416.0
405.0
410.0
390.0
403.0
405.0
404.0
408.0
389.0
393.0
395.0
402.0
394.0
371.0
383.0
378.0
387.0
394.0
374.0
393.0
400.0
403.0
386.0
386.0
391.0
382.0
390.0
384.0
387.0
385.0
383.0
375.0
364.0
375.0
372.0
376.0
365.0
373.0
386.0
374.0
373.0
368.0
365.0
368.0
386.0
377.0
371.0
367.0
353.0
371.0
374.0
378.0
380.0
374.0
375.0
373.0
393.0
383.0
380.0
392.0
377.0
396.0
395.0
387.0
397.0
380.0
404.0
412.0
418.0
410.0
414.0
404.0
397.0
389.0
391.0
388.0
387.0
388.0
382.0
382.0
382.0
362.0
385.0
390.0
376.0
370.0
379.0
378.0
373.0
370.0
374.0
395.0
393.0
390.0
383.0
385.0
382.0
382.0
385.0
390.0
392.0
383.0
395.0
395.0
393.0
385.0
393.0
389.0
391.0
403.0
397.0
404.0
413.0
403.0
382.0
391.0
378.0
390.0
403.0
379.0
375.0
381.0
374.0
390.0
375.0
375.0
380.0
357.0
380.0
364.0
366.0
357.0
363.0
368.0
360.0
372.0
369.0
368.0
358.0
365.0
366.0
368.0
366.0
367.0
368.0
365.0
376.0
362.0
354.0
360.0
351.0
354.0
343.0
348.0
366.0
350.0
338.0
342.0
345.0
355.0
346.0
341.0
356.0
358.0
346.0
340.0
352.0
350.0
347.0
329.0
335.0
334.0
340.0
338.0
336.0
330.0
335.0
341.0
333.0
324.0
333.0
320.0
334.0
330.0
322.0
335.0
335.0
337.0
344.0
350.0
358.0
359.0
345.0
351.0
359.0
367.0
361.0
366.0
374.0
375.0
370.0
365.0
364.0
357.0
363.0
348.0
357.0
344.0
352.0
349.0
352.0
352.0
360.0
347.0
348.0
351.0
370.0
372.0
373.0
373.0
369.0
375.0
379.0
373.0
378.0
372.0
382.0
373.0
377.0
383.0
383.0
364.0
386.0
385.0
383.0
386.0
392.0
401.0
411.0
392.0
404.0
391.0
398.0
405.0
382.0
387.0
402.0
392.0
375.0
400.0
372.0
368.0
375.0
357.0
361.0
358.0
350.0
371.0
371.0
365.0
360.0
357.0
364.0
384.0
383.0
385.0
380.0
372.0
369.0
365.0
355.0
359.0
343.0
360.0
353.0
363.0
357.0
364.0
369.0
367.0
355.0
356.0
350.0
360.0
366.0
360.0
362.0
362.0
351.0
352.0
358.0
352.0
354.0
349.0
348.0
336.0
339.0
336.0
342.0
355.0
347.0
352.0
346.0
337.0
346.0
334.0
340.0
356.0
338.0
341.0
345.0
335.0
330.0
325.0
337.0
341.0
336.0
348.0
347.0
338.0
348.0
336.0
345.0
341.0
353.0
353.0
358.0
346.0
349.0
346.0
344.0
326.0
334.0
323.0
317.0
331.0
340.0
349.0
352.0
350.0
353.0
352.0
349.0
346.0
334.0
347.0
355.0
363.0
346.0
355.0
364.0
363.0
348.0
352.0
359.0
362.0
354.0
345.0
345.0
346.0
345.0
351.0
335.0
341.0
335.0
338.0
344.0
354.0
359.0
372.0
366.0
362.0
375.0
371.0
369.0
372.0
366.0
361.0
352.0
365.0
365.0
367.0
380.0
376.0
379.0
370.0
376.0
383.0
379.0
364.0
361.0
362.0
355.0
367.0
376.0
370.0
373.0
378.0
381.0
379.0
385.0
383.0
386.0
376.0
389.0
391.0
388.0
393.0
405.0
399.0
407.0
409.0
413.0
418.0
406.0
425.0
436.0
419.0
409.0
402.0
396.0
393.0
409.0
403.0
405.0
384.0
386.0
397.0
400.0
409.0
401.0
396.0
402.0
392.0
395.0
396.0
388.0
391.0
382.0
379.0
390.0
403.0
390.0
383.0
400.0
390.0
398.0
406.0
389.0
408.0
383.0
383.0
388.0
383.0
392.0
381.0
378.0
378.0
362.0
370.0
365.0
375.0
363.0
365.0
372.0
366.0
359.0
366.0
363.0
361.0
372.0
359.0
359.0
375.0
375.0
380.0
368.0
374.0
376.0
356.0
369.0
369.0
371.0
358.0
373.0
375.0
380.0
382.0
374.0
393.0
399.0
391.0
385.0
382.0
388.0
393.0
394.0
394.0
390.0
397.0
398.0
393.0
404.0
391.0
379.0
390.0
390.0
389.0
373.0
381.0
392.0
392.0
394.0
392.0
388.0
389.0
393.0
400.0
397.0
382.0
387.0
369.0
385.0
378.0
377.0
377.0
366.0
361.0
374.0
365.0
374.0
378.0
365.0
374.0
361.0
355.0
352.0
352.0
355.0
358.0
364.0
351.0
370.0
357.0
362.0
359.0
349.0
350.0
369.0
373.0
368.0
385.0
392.0
384.0
377.0
384.0
366.0
372.0
373.0
383.0
386.0
371.0
373.0
370.0
373.0
375.0
374.0
366.0
374.0
384.0
383.0
382.0
378.0
374.0
380.0
382.0
379.0
382.0
384.0
406.0
403.0
387.0
380.0
382.0
384.0
385.0
386.0
385.0
379.0
374.0
367.0
360.0
364.0
381.0
393.0
388.0
387.0
377.0
383.0
396.0
385.0
386.0
400.0
383.0
393.0
388.0
390.0
410.0
415.0
398.0
411.0
407.0
436.0
442.0
441.0
426.0
410.0
422.0
427.0
436.0
443.0
451.0
442.0
426.0
439.0
425.0
438.0
425.0
413.0
430.0
409.0
404.0
426.0
412.0
426.0
413.0
417.0
413.0
395.0
403.0
399.0
392.0
401.0
395.0
395.0
410.0
395.0
394.0
393.0
408.0
402.0
401.0
403.0
407.0
402.0
389.0
400.0
402.0
390.0
393.0
396.0
416.0
421.0
409.0
409.0
394.0
412.0
418.0
411.0
410.0
403.0
396.0
427.0
416.0
410.0
419.0
410.0
430.0
426.0
417.0
415.0
414.0
422.0
440.0
423.0
420.0
411.0
410.0
423.0
417.0
418.0
402.0
414.0
416.0
407.0
405.0
412.0
402.0
418.0
400.0
415.0
411.0
392.0
417.0
412.0
396.0
406.0
396.0
392.0
412.0
408.0
397.0
390.0
394.0
407.0
398.0
401.0
393.0
387.0
395.0
395.0
401.0
412.0
391.0
408.0
411.0
398.0
404.0
410.0
409.0
420.0
412.0
400.0
401.0
406.0
391.0
406.0
410.0
408.0
401.0
376.0
398.0
378.0
382.0
392.0
388.0
399.0
403.0
416.0
414.0
397.0
415.0
421.0
407.0
414.0
409.0
402.0
426.0
409.0
415.0
417.0
412.0
406.0
407.0
389.0
397.0
385.0
373.0
380.0
381.0
400.0
385.0
375.0
367.0
378.0
383.0
373.0
376.0
373.0
366.0
367.0
370.0
359.0
358.0
357.0
361.0
369.0
378.0
378.0
384.0
369.0
373.0
370.0
380.0
386.0
385.0
382.0
387.0
377.0
370.0
379.0
395.0
387.0
382.0
381.0
386.0
397.0
401.0
402.0
412.0
400.0
406.0
407.0
393.0
416.0
411.0
384.0
372.0
372.0
360.0
372.0
374.0
379.0
381.0
366.0
366.0
369.0
371.0
368.0
379.0
355.0
352.0
358.0
362.0
368.0
357.0
373.0
367.0
369.0
366.0
378.0
352.0
362.0
354.0
352.0
356.0
362.0
348.0
355.0
369.0
377.0
375.0
358.0
359.0
347.0
363.0
363.0
356.0
361.0
347.0
355.0
353.0
367.0
361.0
357.0
360.0
378.0
381.0
378.0
379.0
374.0
378.0
373.0
380.0
361.0
360.0
361.0
376.0
368.0
380.0
380.0
378.0
367.0
376.0
376.0
380.0
370.0
368.0
392.0
379.0
373.0
372.0
376.0
389.0
395.0
396.0
402.0
393.0
395.0
399.0
388.0
385.0
404.0
384.0
402.0
406.0
410.0
404.0
398.0
395.0
405.0
404.0
414.0
416.0
409.0
409.0
414.0
400.0
400.0
394.0
404.0
407.0
413.0
415.0
430.0
429.0
399.0
394.0
404.0
401.0
396.0
384.0
380.0
380.0
385.0
390.0
390.0
375.0
362.0
384.0
364.0
345.0
351.0
359.0
377.0
365.0
360.0
343.0
329.0
338.0
341.0
344.0
351.0
343.0
352.0
352.0
353.0
353.0
364.0
369.0
377.0
362.0
362.0
368.0
361.0
373.0
375.0
365.0
371.0
366.0
369.0
361.0
368.0
370.0
384.0
392.0
379.0
386.0
390.0
391.0
367.0
374.0
381.0
396.0
384.0
388.0
396.0
394.0
395.0
369.0
375.0
375.0
377.0
395.0
372.0
366.0
380.0
371.0
367.0
388.0
383.0
391.0
409.0
392.0
402.0
400.0
402.0
409.0
406.0
420.0
424.0
423.0
428.0
439.0
433.0
428.0
418.0
418.0
