17.0
5.0
7.0
12.0
10.0
27.0
35.0
40.0
64.0
76.0
79.0
114.0
145.0
199.0
220.0
246.0
308.0
312.0
299.0
341.0
368.0
395.0
415.0
436.0
503.0
545.0
569.0
610.0
587.0
622.0
598.0
635.0
701.0
693.0
657.0
665.0
698.0
688.0
661.0
666.0
666.0
652.0
649.0
632.0
673.0
660.0
723.0
764.0
709.0
704.0
690.0
691.0
631.0
696.0
741.0
670.0
793.0
754.0
780.0
736.0
656.0
715.0
695.0
627.0
643.0
677.0
663.0
656.0
678.0
715.0
790.0
738.0
710.0
710.0
647.0
651.0
699.0
734.0
685.0
667.0
746.0
706.0
703.0
712.0
705.0
704.0
681.0
731.0
773.0
732.0
689.0
723.0
745.0
694.0
670.0
644.0
671.0
775.0
766.0
745.0
755.0
725.0
720.0
714.0
717.0
762.0
798.0
761.0
741.0
720.0
671.0
686.0
771.0
741.0
680.0
729.0
733.0
717.0
719.0
706.0
716.0
760.0
742.0
686.0
650.0
714.0
719.0
714.0
690.0
726.0
679.0
723.0
711.0
674.0
653.0
629.0
642.0
670.0
715.0
785.0
691.0
709.0
780.0
689.0
752.0
765.0
696.0
683.0
661.0
710.0
654.0
689.0
728.0
701.0
730.0
705.0
708.0
720.0
664.0
648.0
682.0
667.0
689.0
716.0
728.0
724.0
699.0
737.0
776.0
716.0
699.0
700.0
663.0
668.0
730.0
743.0
739.0
673.0
736.0
660.0
659.0
686.0
715.0
753.0
700.0
685.0
651.0
661.0
692.0
699.0
669.0
722.0
707.0
695.0
728.0
692.0
694.0
737.0
734.0
652.0
680.0
733.0
707.0
718.0
735.0
722.0
727.0
671.0
689.0
744.0
738.0
739.0
719.0
656.0
676.0
649.0
698.0
693.0
675.0
678.0
648.0
682.0
668.0
730.0
736.0
695.0
701.0
738.0
671.0
729.0
726.0
725.0
737.0
699.0
691.0
654.0
651.0
673.0
766.0
732.0
647.0
663.0
664.0
698.0
677.0
688.0
727.0
679.0
661.0
663.0
703.0
706.0
756.0
645.0
642.0
683.0
659.0
683.0
702.0
729.0
750.0
708.0
714.0
654.0
690.0
683.0
661.0
684.0
757.0
767.0
693.0
733.0
744.0
737.0
727.0
702.0
670.0
682.0
684.0
687.0
693.0
692.0
700.0
694.0
785.0
773.0
743.0
704.0
727.0
731.0
692.0
692.0
716.0
697.0
703.0
703.0
735.0
735.0
731.0
677.0
657.0
688.0
669.0
737.0
709.0
616.0
644.0
683.0
676.0
722.0
671.0
753.0
797.0
713.0
717.0
713.0
744.0
705.0
732.0
763.0
688.0
662.0
755.0
700.0
706.0
780.0
738.0
695.0
703.0
644.0
669.0
675.0
685.0
718.0
725.0
677.0
718.0
716.0
685.0
717.0
672.0
644.0
647.0
684.0
713.0
651.0
676.0
657.0
653.0
703.0
726.0
674.0
728.0
668.0
590.0
662.0
723.0
731.0
710.0
696.0
667.0
715.0
690.0
658.0
686.0
683.0
724.0
755.0
719.0
748.0
684.0
735.0
722.0
756.0
717.0
715.0
671.0
680.0
754.0
822.0
748.0
754.0
740.0
709.0
712.0
741.0
741.0
668.0
710.0
697.0
648.0
677.0
654.0
624.0
679.0
605.0
632.0
683.0
674.0
678.0
666.0
697.0
673.0
668.0
675.0
671.0
662.0
681.0
613.0
