0 1 2 32 0 3 2 24 336 -3 1 8 0 2 -2 47 0 -1 3 12 0 -3 -2 55 0 -1 1 44 0 3 -3 26 0 -1 -2 26 0 -3 -3 18 0 -2 -2 23 0 2 -3 22 0 -1 2 23 0 1 -1 35 0 -3 2 33 0 -1 -3 18 0 3 -1 23 0 -3 1 26 0 3 1 35 38 -2 -3 5 0 3 3 21 0 2 3 23 0 1 3 27 0 1 1 43 38 1 -3 7 19 1 -2 3 38 -3 2 7 0 2 1 12 0 -2 2 21 0 -1 -1 32 0 -3 -1 17 38 1 3 4 38 3 3 3 38 -2 -1 4 38 -3 3 4 137 -3 -3 3 137 1 1 8 416 2 -3 7 38 -3 -1 8 416 -3 2 5 0 2 -1 12 0 -2 -3 6 0 1 -2 18 0 2 2 8 137 -2 2 3 416 -1 3 4 76 -2 3 4 0 1 -3 4 19 -2 2 4 19 2 -2 4 38 -1 -3 3 76 -1 -2 5 76 1 1 5 38 2 -1 3 416 2 -1 5 0 -2 3 5 416 -1 -2 3 416 1 -1 3 416 -1 -1 2 19 -1 -3 2 19 2 2 2 416 3 2 2 337 -2 -3 1 110 2 1 1 137 -2 -2 1 110 2 -2 1 76 2 -1 2 38 -2 2 1 155 -3 -1 1 339 -3 3 1 76 1 -2 1 425 1 -2 1 425 3 3 1 110 -3 -1 1 55 1 -2 1 38 2 3 1 19 3 2 1 
336 2 -2 7 0 1 2 62 336 2 -1 14 0 3 2 52 0 2 -2 95 0 -1 3 27 0 -3 -2 105 0 -1 1 87 416 3 -2 11 0 -1 -2 50 0 -3 -3 26 0 -2 -2 40 0 2 -3 37 0 -1 2 45 0 1 -1 72 0 -3 2 67 0 -1 -3 39 0 -3 1 53 19 2 1 6 0 3 1 72 0 3 3 41 0 2 3 42 38 1 2 14 0 1 3 57 0 1 1 93 38 1 -3 14 38 -3 2 16 0 2 1 25 38 2 -2 4 0 -1 -1 75 137 1 -2 11 38 -3 -1 14 416 -3 2 10 0 1 -2 43 137 -2 2 5 416 -1 3 10 76 -2 3 8 0 1 -3 12 19 -2 2 10 38 -1 3 7 76 -1 -2 14 336 3 1 6 76 -2 2 7 76 3 -3 10 76 -2 1 6 416 1 -3 6 416 2 -1 10 336 -3 2 6 0 -2 3 11 19 3 1 3 155 -3 -2 5 416 -1 -1 7 19 1 1 5 76 -2 -1 5 348 -3 -1 3 339 -3 3 3 76 -3 -1 3 129 2 2 5 76 2 -3 3 416 1 -2 4 416 -3 3 2 205 -2 2 1 416 -2 2 1 
0 1 2 88 0 -3 -2 119 0 -1 1 125 0 3 -3 58 416 3 -2 17 0 -1 -2 78 0 -2 -2 54 0 2 -3 52 0 -1 2 57 0 1 -1 106 0 3 -1 63 137 2 -2 2 0 1 1 141 0 2 1 37 0 -1 -1 106 38 3 3 8 416 2 1 21 38 -2 -1 8 38 -3 3 12 137 2 2 9 416 2 -3 15 38 -3 -1 19 0 -2 -3 14 0 1 -2 60 137 3 2 14 19 1 2 16 416 1 -3 11 416 2 -1 15 110 3 -3 3 416 -1 -2 6 137 2 1 5 416 1 -1 8 416 -1 -1 10 19 -1 2 11 76 2 -1 6 339 -3 3 5 19 -1 3 12 416 1 -2 9 416 -3 3 8 110 3 1 2 416 3 -3 2 
336 -1 3 13 0 3 2 61 336 -3 1 25 0 -1 1 157 416 3 -2 24 0 -2 -2 68 0 -1 2 63 0 1 -1 125 0 3 -1 79 0 1 1 184 0 -2 2 42 0 -1 -1 126 0 -3 -1 44 137 1 1 19 0 1 -2 69 38 1 -1 7 416 -1 3 15 38 2 -1 13 416 1 1 14 416 1 -3 16 76 -2 -1 12 137 3 -2 7 339 -3 3 7 416 1 -2 14 
336 2 -1 24 0 -3 -2 131 0 -1 1 176 416 3 -2 29 0 -2 -2 81 0 2 3 59 0 1 1 213 38 2 -2 9 0 -1 -1 145 416 2 1 29 38 -2 -1 12 38 -3 3 17 416 2 -3 21 0 -2 -3 23 0 1 -2 77 19 2 -2 14 76 1 -1 12 38 2 -1 17 416 1 -3 21 155 -3 -2 15 416 -1 -1 18 0 -2 -1 8 137 3 -2 12 76 2 -1 9 339 -3 3 9 
336 2 2 6 416 3 -2 34 0 -2 -2 90 0 -1 2 69 0 2 3 71 0 2 1 47 0 -3 -1 52 416 2 1 33 416 2 -3 28 0 -2 -3 30 0 1 -2 86 137 3 2 29 416 1 -3 28 19 -1 -3 12 76 -2 -1 19 0 -2 -1 16 137 3 -2 17 339 -3 3 11 422 3 3 1 
336 2 -1 30 416 3 -2 39 0 2 -3 71 0 -2 2 57 0 -3 -1 56 38 -2 -1 16 416 2 -3 35 416 -1 3 28 38 2 -1 30 416 1 1 24 416 1 -3 34 416 -1 -1 25 348 -3 -1 7 137 3 -2 22 339 -3 3 13 
416 3 -2 44 0 1 1 222 416 2 -3 44 416 1 -3 39 155 -3 -2 25 19 -1 -3 15 76 -2 -1 26 348 -3 -1 12 137 3 -2 27 76 3 1 6 339 -3 3 15 0 -3 3 3 
416 3 -2 49 0 2 -3 79 0 2 1 57 416 2 -3 54 137 3 2 39 76 1 -1 23 416 1 -3 44 416 -1 -1 33 348 -3 -1 17 137 3 -2 32 339 -3 3 17 416 3 -1 6 
336 2 2 16 416 3 -2 54 0 2 -3 85 0 2 3 76 0 1 1 229 416 2 -3 60 416 1 1 34 76 -2 -1 33 348 -3 -1 22 137 3 -2 37 339 -3 3 19 0 -3 3 6 
416 3 -2 59 416 2 -3 70 416 -1 3 39 137 3 2 42 38 2 -1 52 76 -2 2 18 155 -3 -2 35 416 -1 -1 38 348 -3 -1 27 137 3 -2 42 339 -3 3 21 155 3 -1 2 
416 3 -2 64 0 1 1 236 0 2 1 67 416 2 -3 78 38 2 -1 58 76 -2 -1 40 348 -3 -1 32 137 3 -2 47 76 3 1 11 339 -3 3 23 422 -3 2 5 
416 3 -2 69 0 3 -1 109 416 2 -3 86 76 1 -1 34 416 1 1 44 137 3 -2 52 339 -3 3 25 416 3 -1 11 368 2 -3 4 348 -3 2 1 19 2 -3 1 
336 1 2 9 336 2 -1 41 416 3 -2 74 416 2 -3 96 19 1 2 18 155 -3 -2 45 137 3 -2 57 339 -3 3 27 386 -1 2 7 1 -2 3 1 338 3 1 1 
416 3 -2 79 0 2 1 77 416 2 -3 102 19 1 1 20 76 -2 -1 50 137 3 -2 62 339 -3 3 29 338 3 -2 8 1 -2 3 2 55 -2 1 2 
416 3 -2 84 0 3 -1 126 137 -1 1 5 416 2 -3 112 416 1 1 54 137 3 -2 67 339 -3 3 31 1 -2 3 3 
416 3 -2 89 0 3 -1 132 0 -2 2 107 416 2 -3 121 155 -3 -2 55 137 3 -2 72 339 -3 3 33 386 -1 2 17 1 -2 3 4 
336 1 2 19 416 3 -2 94 0 2 1 87 0 -2 2 116 416 2 -3 126 76 -2 -1 60 137 3 -2 77 1 -2 3 5 
416 3 -2 99 0 3 -1 144 416 2 -3 131 416 1 1 64 137 3 -2 82 55 -2 1 7 
416 3 -2 104 137 -1 1 10 416 2 -3 136 155 -3 -2 65 137 3 -2 87 386 -1 2 27 
416 3 -2 109 0 3 -1 155 0 2 1 97 416 2 -3 141 76 -2 -1 70 137 3 -2 92 
336 1 2 29 416 3 -2 114 0 3 -1 161 416 2 -3 146 416 1 1 74 137 3 -2 97 
416 3 -2 119 416 2 -3 151 155 -3 -2 75 137 3 -2 102 386 -1 2 37 55 -2 1 12 
416 3 -2 124 137 -1 1 15 0 2 1 107 416 2 -3 156 76 -2 -1 80 137 3 -2 107 
416 3 -2 129 0 3 -1 179 416 2 -3 161 416 1 1 84 137 3 -2 112 
336 1 2 39 416 3 -2 134 416 2 -3 166 155 -3 -2 85 137 3 -2 117 386 -1 2 47 
416 3 -2 139 0 2 1 117 416 2 -3 171 76 -2 -1 90 137 3 -2 122 55 -2 1 17 
416 3 -2 144 0 3 -1 196 137 -1 1 20 416 2 -3 176 416 1 1 94 137 3 -2 127 
416 3 -2 149 0 3 -1 202 416 2 -3 181 155 -3 -2 95 137 3 -2 132 386 -1 2 57 
336 3 3 5 416 3 -2 154 0 2 1 127 416 2 -3 186 76 -2 -1 100 137 3 -2 137 339 -3 2 1 
416 3 -2 159 0 3 -1 211 137 3 1 36 0 2 1 138 416 2 -3 191 416 1 1 104 137 3 -2 142 
416 3 -2 164 0 2 1 145 416 2 -3 196 155 -3 -2 105 137 3 -2 147 386 -1 2 67 
416 3 -2 169 0 2 1 158 416 2 -3 201 76 -2 -1 110 137 3 -2 152 
416 3 -2 174 0 3 -1 221 416 2 -3 206 416 1 1 114 137 3 -2 157 
416 3 -2 179 416 2 -3 211 155 -3 -2 115 137 3 -2 162 386 -1 2 77 
416 3 -2 184 0 2 1 168 416 2 -3 216 76 -2 -1 120 137 3 -2 167 
416 3 -2 189 0 3 -1 231 416 2 -3 221 416 1 1 124 137 3 -2 172 
416 3 -2 194 416 2 -3 226 155 -3 -2 125 137 3 -2 177 386 -1 2 87 
416 3 -2 199 0 2 1 178 416 2 -3 231 76 -2 -1 130 137 3 -2 182 
416 3 -2 204 0 3 -1 241 416 2 -3 236 416 1 1 134 137 3 -2 187 
416 3 -2 209 416 2 -3 241 155 -3 -2 135 137 3 -2 192 386 -1 2 97 
416 3 -2 214 0 2 1 188 416 2 -3 246 76 -2 -1 140 137 3 -2 197 
416 3 -2 219 0 3 -1 251 416 2 -3 251 416 1 1 144 137 3 -2 202 
416 3 -2 224 416 2 -3 256 155 -3 -2 145 137 3 -2 207 386 -1 2 107 
416 3 -2 229 0 2 1 198 416 2 -3 261 76 -2 -1 150 137 3 -2 212 
416 3 -2 234 0 3 -1 261 416 2 -3 266 416 1 1 154 137 3 -2 217 
416 3 -2 239 416 2 -3 271 155 -3 -2 155 137 3 -2 222 386 -1 2 117 
416 3 -2 244 0 2 1 208 416 2 -3 276 76 -2 -1 160 137 3 -2 227 
416 3 -2 249 0 3 -1 271 416 2 -3 281 416 1 1 164 137 3 -2 232 
416 3 -2 254 416 2 -3 286 155 -3 -2 165 137 3 -2 237 386 -1 2 127 
416 3 -2 259 0 2 1 218 416 2 -3 291 76 -2 -1 170 137 3 -2 242 
416 3 -2 264 0 3 -1 281 416 2 -3 296 416 1 1 174 137 3 -2 247 
416 3 -2 269 416 2 -3 301 155 -3 -2 175 137 3 -2 252 386 -1 2 137 
416 3 -2 274 0 2 1 228 416 2 -3 306 76 -2 -1 180 137 3 -2 257 
416 3 -2 279 0 3 -1 291 416 2 -3 311 416 1 1 184 137 3 -2 262 
416 3 -2 284 416 2 -3 316 155 -3 -2 185 137 3 -2 267 386 -1 2 147 
416 3 -2 289 0 2 1 238 416 2 -3 321 76 -2 -1 190 137 3 -2 272 
416 3 -2 294 0 3 -1 301 416 2 -3 326 416 1 1 194 137 3 -2 277 
416 3 -2 299 416 2 -3 331 155 -3 -2 195 137 3 -2 282 386 -1 2 157 
416 3 -2 304 0 2 1 248 416 2 -3 336 76 -2 -1 200 137 3 -2 287 
416 3 -2 309 0 3 -1 311 416 2 -3 341 416 1 1 204 137 3 -2 292 
416 3 -2 314 416 2 -3 346 155 -3 -2 205 137 3 -2 297 386 -1 2 167 
416 3 -2 319 0 2 1 258 416 2 -3 351 76 -2 -1 210 137 3 -2 302 
416 3 -2 324 0 3 -1 321 416 2 -3 356 416 1 1 214 137 3 -2 307 
416 3 -2 329 416 2 -3 361 155 -3 -2 215 137 3 -2 312 386 -1 2 177 
416 3 -2 334 0 2 1 268 416 2 -3 366 76 -2 -1 220 137 3 -2 317 
416 3 -2 339 0 3 -1 331 416 2 -3 371 416 1 1 224 137 3 -2 322 
416 3 -2 344 416 2 -3 376 155 -3 -2 225 137 3 -2 327 386 -1 2 187 
416 3 -2 349 0 2 1 278 416 2 -3 381 76 -2 -1 230 137 3 -2 332 
416 3 -2 354 0 3 -1 341 416 2 -3 386 416 1 1 234 137 3 -2 337 
416 3 -2 359 416 2 -3 391 155 -3 -2 235 137 3 -2 342 386 -1 2 197 
416 3 -2 364 0 2 1 288 416 2 -3 396 76 -2 -1 240 137 3 -2 347 
416 3 -2 369 0 3 -1 351 416 2 -3 401 416 1 1 244 137 3 -2 352 
416 3 -2 374 416 2 -3 406 155 -3 -2 245 137 3 -2 357 386 -1 2 207 
416 3 -2 379 0 2 1 298 416 2 -3 411 76 -2 -1 250 137 3 -2 362 
416 3 -2 384 0 3 -1 361 416 2 -3 416 416 1 1 254 137 3 -2 367 
416 3 -2 389 416 2 -3 421 155 -3 -2 255 137 3 -2 372 386 -1 2 217 
416 3 -2 394 0 2 1 308 416 2 -3 426 76 -2 -1 260 137 3 -2 377 
416 3 -2 399 0 3 -1 371 416 2 -3 431 416 1 1 264 137 3 -2 382 
416 3 -2 404 416 2 -3 436 155 -3 -2 265 137 3 -2 387 386 -1 2 227 
416 3 -2 409 0 2 1 318 416 2 -3 441 76 -2 -1 270 137 3 -2 392 
416 3 -2 414 0 3 -1 381 416 2 -3 446 416 1 1 274 137 3 -2 397 
416 3 -2 419 416 2 -3 451 155 -3 -2 275 137 3 -2 402 386 -1 2 237 
416 3 -2 424 0 2 1 328 416 2 -3 456 76 -2 -1 280 137 3 -2 407 
416 3 -2 429 0 3 -1 391 416 2 -3 461 416 1 1 284 137 3 -2 412 
416 3 -2 434 416 2 -3 466 155 -3 -2 285 137 3 -2 417 386 -1 2 247 
416 3 -2 439 0 2 1 338 416 2 -3 471 76 -2 -1 290 137 3 -2 422 
416 3 -2 444 0 3 -1 401 416 2 -3 476 416 1 1 294 137 3 -2 427 
416 3 -2 449 416 2 -3 481 155 -3 -2 295 137 3 -2 432 386 -1 2 257 
416 3 -2 454 0 2 1 348 416 2 -3 486 76 -2 -1 300 137 3 -2 437 
416 3 -2 459 0 3 -1 411 416 2 -3 491 416 1 1 304 137 3 -2 442 
416 3 -2 464 416 2 -3 496 155 -3 -2 305 137 3 -2 447 386 -1 2 267 
416 3 -2 469 0 2 1 358 416 2 -3 501 76 -2 -1 310 137 3 -2 452 
416 3 -2 474 0 3 -1 421 416 2 -3 506 416 1 1 314 137 3 -2 457 
416 3 -2 479 416 2 -3 511 155 -3 -2 315 137 3 -2 462 386 -1 2 277 
416 3 -2 484 0 2 1 368 416 2 -3 516 76 -2 -1 320 137 3 -2 467 
416 3 -2 489 0 3 -1 431 416 2 -3 521 416 1 1 324 137 3 -2 472 
416 3 -2 494 416 2 -3 526 155 -3 -2 325 137 3 -2 477 386 -1 2 287 
416 3 -2 499 0 2 1 378 416 2 -3 531 76 -2 -1 330 137 3 -2 482 
416 3 -2 504 0 3 -1 441 416 2 -3 536 416 1 1 334 137 3 -2 487 
416 3 -2 509 416 2 -3 541 155 -3 -2 335 137 3 -2 492 386 -1 2 297 
416 3 -2 514 0 2 1 388 416 2 -3 546 76 -2 -1 340 137 3 -2 497 
416 3 -2 519 0 3 -1 451 416 2 -3 551 416 1 1 344 137 3 -2 502 
416 3 -2 524 416 2 -3 556 155 -3 -2 345 137 3 -2 507 386 -1 2 307 
416 3 -2 529 0 2 1 398 416 2 -3 561 76 -2 -1 350 137 3 -2 512 
416 3 -2 534 0 3 -1 461 416 2 -3 566 416 1 1 354 137 3 -2 517 
416 3 -2 539 416 2 -3 571 155 -3 -2 355 137 3 -2 522 386 -1 2 317 
416 3 -2 544 0 2 1 408 416 2 -3 576 76 -2 -1 360 137 3 -2 527 
416 3 -2 549 0 3 -1 471 416 2 -3 581 416 1 1 364 137 3 -2 532 
416 3 -2 554 416 2 -3 586 155 -3 -2 365 137 3 -2 537 386 -1 2 327 
416 3 -2 559 0 2 1 418 416 2 -3 591 76 -2 -1 370 137 3 -2 542 
416 3 -2 564 0 3 -1 481 416 2 -3 596 416 1 1 374 137 3 -2 547 
416 3 -2 569 416 2 -3 601 155 -3 -2 375 137 3 -2 552 386 -1 2 337 
416 3 -2 574 0 2 1 428 416 2 -3 606 76 -2 -1 380 137 3 -2 557 
416 3 -2 579 0 3 -1 491 416 2 -3 611 416 1 1 384 137 3 -2 562 
416 3 -2 584 416 2 -3 616 155 -3 -2 385 137 3 -2 567 386 -1 2 347 
416 3 -2 589 0 2 1 438 416 2 -3 621 76 -2 -1 390 137 3 -2 572 
416 3 -2 594 0 3 -1 501 416 2 -3 626 416 1 1 394 137 3 -2 577 
416 3 -2 599 416 2 -3 631 155 -3 -2 395 137 3 -2 582 386 -1 2 357 
416 3 -2 604 0 2 1 448 416 2 -3 636 76 -2 -1 400 137 3 -2 587 
416 3 -2 609 0 3 -1 511 416 2 -3 641 416 1 1 404 137 3 -2 592 
416 3 -2 614 416 2 -3 646 155 -3 -2 405 137 3 -2 597 386 -1 2 367 
416 3 -2 619 0 2 1 458 416 2 -3 651 76 -2 -1 410 137 3 -2 602 
416 3 -2 624 0 3 -1 521 416 2 -3 656 416 1 1 414 137 3 -2 607 
416 3 -2 629 416 2 -3 661 155 -3 -2 415 137 3 -2 612 386 -1 2 377 
416 3 -2 634 0 2 1 468 416 2 -3 666 76 -2 -1 420 137 3 -2 617 
416 3 -2 639 0 3 -1 531 416 2 -3 671 416 1 1 424 137 3 -2 622 
416 3 -2 644 416 2 -3 676 155 -3 -2 425 137 3 -2 627 386 -1 2 387 
416 3 -2 649 0 2 1 478 416 2 -3 681 76 -2 -1 430 137 3 -2 632 
416 3 -2 654 0 3 -1 541 416 2 -3 686 416 1 1 434 137 3 -2 637 
416 3 -2 659 416 2 -3 691 155 -3 -2 435 137 3 -2 642 386 -1 2 397 
416 3 -2 664 0 2 1 488 416 2 -3 696 76 -2 -1 440 137 3 -2 647 
416 3 -2 669 0 3 -1 551 416 2 -3 701 416 1 1 444 137 3 -2 652 
416 3 -2 674 416 2 -3 706 155 -3 -2 445 137 3 -2 657 386 -1 2 407 
416 3 -2 679 0 2 1 498 416 2 -3 711 76 -2 -1 450 137 3 -2 662 
416 3 -2 684 0 3 -1 561 416 2 -3 716 416 1 1 454 137 3 -2 667 
416 3 -2 689 416 2 -3 721 155 -3 -2 455 137 3 -2 672 386 -1 2 417 
416 3 -2 694 0 2 1 508 416 2 -3 726 76 -2 -1 460 137 3 -2 677 
