1123.0
878.0
529.0
274.0
171.0
147.0
135.0
117.0
107.0
101.0
91.0
96.0
89.0
76.0
71.0
70.0
68.0
76.0
74.0
69.0
66.0
67.0
64.0
58.0
55.0
54.0
51.0
52.0
53.0
52.0
54.0
55.0
60.0
68.0
64.0
58.0
58.0
57.0
59.0
59.0
57.0
55.0
63.0
62.0
58.0
64.0
59.0
58.0
62.0
57.0
56.0
55.0
54.0
53.0
50.0
48.0
43.0
45.0
47.0
44.0
42.0
39.0
41.0
39.0
40.0
39.0
39.0
38.0
40.0
35.0
35.0
41.0
38.0
38.0
38.0
38.0
40.0
44.0
45.0
42.0
43.0
45.0
45.0
44.0
41.0
39.0
39.0
39.0
38.0
38.0
39.0
38.0
38.0
40.0
39.0
40.0
39.0
37.0
39.0
39.0
41.0
43.0
41.0
44.0
42.0
42.0
43.0
41.0
38.0
39.0
40.0
42.0
43.0
43.0
46.0
47.0
45.0
45.0
44.0
46.0
46.0
43.0
42.0
39.0
41.0
39.0
41.0
35.0
34.0
36.0
32.0
30.0
29.0
29.0
30.0
32.0
30.0
29.0
27.0
27.0
27.0
27.0
27.0
27.0
27.0
27.0
27.0
27.0
27.0
27.0
27.0
29.0
29.0
29.0
30.0
31.0
31.0
30.0
30.0
30.0
30.0
30.0
30.0
30.0
27.0
27.0
28.0
28.0
28.0
28.0
28.0
28.0
28.0
29.0
30.0
30.0
29.0
29.0
31.0
30.0
28.0
27.0
28.0
28.0
27.0
27.0
27.0
27.0
28.0
28.0
27.0
27.0
27.0
28.0
26.0
25.0
25.0
25.0
26.0
26.0
26.0
26.0
26.0
25.0
25.0
25.0
24.0
24.0
24.0
24.0
24.0
24.0
24.0
25.0
25.0
25.0
25.0
25.0
25.0
25.0
25.0
25.0
25.0
25.0
25.0
25.0
26.0
27.0
26.0
25.0
25.0
25.0
25.0
25.0
25.0
25.0
26.0
26.0
26.0
26.0
27.0
27.0
27.0
28.0
29.0
28.0
30.0
31.0
31.0
31.0
30.0
34.0
33.0
34.0
32.0
33.0
34.0
34.0
36.0
37.0
40.0
37.0
41.0
41.0
39.0
42.0
40.0
39.0
38.0
37.0
37.0
36.0
36.0
36.0
35.0
38.0
35.0
32.0
32.0
33.0
32.0
33.0
34.0
32.0
31.0
30.0
31.0
30.0
31.0
28.0
28.0
31.0
28.0
28.0
27.0
27.0
27.0
28.0
26.0
25.0
25.0
27.0
25.0
24.0
24.0
25.0
25.0
25.0
26.0
27.0
26.0
25.0
26.0
26.0
27.0
27.0
27.0
26.0
25.0
25.0
24.0
24.0
24.0
23.0
22.0
22.0
22.0
22.0
22.0
22.0
22.0
22.0
22.0
22.0
22.0
22.0
22.0
22.0
22.0
22.0
22.0
22.0
22.0
22.0
22.0
22.0
22.0
22.0
22.0
22.0
22.0
22.0
22.0
22.0
22.0
22.0
22.0
22.0
22.0
22.0
22.0
22.0
22.0
22.0
