1108.0
868.0
538.0
304.0
179.0
148.0
144.0
142.0
132.0
131.0
125.0
116.0
120.0
121.0
127.0
125.0
123.0
125.0
116.0
116.0
111.0
113.0
126.0
117.0
117.0
116.0
119.0
124.0
118.0
116.0
120.0
120.0
127.0
119.0
123.0
126.0
126.0
125.0
129.0
131.0
131.0
128.0
132.0
140.0
137.0
131.0
132.0
132.0
133.0
124.0
129.0
132.0
131.0
135.0
142.0
141.0
145.0
141.0
141.0
146.0
146.0
144.0
147.0
150.0
151.0
145.0
151.0
148.0
154.0
155.0
150.0
149.0
151.0
150.0
146.0
150.0
145.0
144.0
145.0
151.0
153.0
150.0
147.0
155.0
150.0
147.0
142.0
148.0
152.0
153.0
148.0
148.0
152.0
157.0
162.0
157.0
156.0
161.0
151.0
156.0
155.0
148.0
159.0
161.0
159.0
164.0
159.0
165.0
158.0
159.0
163.0
156.0
152.0
154.0
164.0
154.0
160.0
159.0
164.0
169.0
168.0
166.0
161.0
152.0
159.0
167.0
170.0
166.0
165.0
171.0
177.0
189.0
184.0
185.0
184.0
183.0
192.0
182.0
183.0
188.0
186.0
192.0
187.0
179.0
202.0
202.0
198.0
201.0
197.0
212.0
206.0
200.0
210.0
206.0
205.0
213.0
213.0
217.0
211.0
210.0
215.0
222.0
212.0
207.0
222.0
215.0
221.0
222.0
228.0
222.0
227.0
230.0
218.0
226.0
225.0
222.0
225.0
225.0
230.0
219.0
228.0
229.0
226.0
226.0
221.0
223.0
227.0
227.0
221.0
216.0
232.0
241.0
235.0
239.0
232.0
231.0
245.0
245.0
250.0
255.0
266.0
265.0
262.0
279.0
276.0
276.0
278.0
279.0
282.0
288.0
268.0
267.0
271.0
265.0
270.0
261.0
250.0
264.0
265.0
263.0
264.0
259.0
275.0
259.0
265.0
253.0
257.0
257.0
251.0
258.0
256.0
252.0
248.0
249.0
259.0
263.0
265.0
259.0
250.0
255.0
261.0
243.0
246.0
250.0
254.0
262.0
270.0
259.0
264.0
260.0
265.0
266.0
263.0
275.0
285.0
284.0
270.0
277.0
271.0
266.0
270.0
265.0
265.0
270.0
267.0
255.0
252.0
265.0
245.0
258.0
264.0
268.0
259.0
256.0
257.0
255.0
259.0
255.0
250.0
250.0
258.0
248.0
257.0
256.0
255.0
258.0
264.0
260.0
260.0
276.0
283.0
283.0
275.0
274.0
258.0
257.0
266.0
276.0
261.0
267.0
257.0
259.0
257.0
240.0
248.0
232.0
244.0
246.0
243.0
242.0
249.0
255.0
262.0
266.0
253.0
249.0
244.0
246.0
243.0
258.0
255.0
259.0
269.0
274.0
274.0
278.0
282.0
279.0
272.0
276.0
279.0
266.0
275.0
268.0
263.0
268.0
263.0
279.0
278.0
278.0
267.0
269.0
270.0
264.0
276.0
277.0
283.0
285.0
274.0
285.0
268.0
279.0
276.0
278.0
275.0
271.0
273.0
279.0
286.0
298.0
292.0
298.0
290.0
294.0
300.0
289.0
288.0
285.0
285.0
300.0
301.0
288.0
285.0
285.0
288.0
289.0
283.0
280.0
279.0
288.0
293.0
301.0
302.0
302.0
308.0
295.0
294.0
294.0
304.0
317.0
315.0
312.0
317.0
312.0
310.0
304.0
313.0
286.0
301.0
302.0
306.0
293.0
294.0
305.0
308.0
297.0
306.0
299.0
304.0
306.0
309.0
289.0
288.0
291.0
300.0
300.0
298.0
307.0
314.0
317.0
324.0
317.0
315.0
309.0
309.0
311.0
299.0
305.0
293.0
287.0
288.0
287.0
290.0
285.0
300.0
305.0
297.0
295.0
307.0
305.0
316.0
313.0
315.0
328.0
322.0
310.0
311.0
322.0
305.0
307.0
315.0
310.0
314.0
322.0
330.0
340.0
335.0
341.0
336.0
320.0
334.0
326.0
323.0
331.0
326.0
313.0
328.0
323.0
333.0
329.0
314.0
324.0
321.0
318.0
338.0
334.0
326.0
334.0
336.0
328.0
332.0
323.0
327.0
320.0
322.0
317.0
322.0
319.0
324.0
316.0
314.0
323.0
322.0
329.0
322.0
326.0
323.0
327.0
327.0
322.0
309.0
321.0
322.0
332.0
334.0
316.0
319.0
319.0
307.0
313.0
319.0
325.0
328.0
328.0
315.0
326.0
313.0
318.0
316.0
315.0
331.0
334.0
336.0
342.0
333.0
334.0
324.0
322.0
317.0
313.0
327.0
317.0
318.0
323.0
309.0
315.0
322.0
325.0
332.0
326.0
311.0
313.0
315.0
335.0
321.0
315.0
307.0
322.0
328.0
321.0
328.0
316.0
335.0
323.0
331.0
315.0
312.0
331.0
321.0
334.0
334.0
331.0
338.0
347.0
341.0
315.0
328.0
340.0
332.0
328.0
327.0
319.0
326.0
340.0
329.0
315.0
304.0
307.0
322.0
318.0
324.0
305.0
315.0
326.0
322.0
331.0
331.0
326.0
333.0
327.0
330.0
332.0
338.0
311.0
326.0
332.0
325.0
326.0
324.0
320.0
337.0
339.0
341.0
352.0
347.0
340.0
329.0
328.0
331.0
336.0
344.0
340.0
353.0
345.0
325.0
338.0
342.0
326.0
336.0
339.0
355.0
356.0
348.0
342.0
338.0
336.0
347.0
337.0
330.0
327.0
322.0
345.0
334.0
320.0
320.0
327.0
337.0
350.0
343.0
332.0
335.0
336.0
345.0
351.0
349.0
344.0
349.0
353.0
357.0
362.0
356.0
348.0
347.0
337.0
344.0
333.0
339.0
340.0
335.0
343.0
341.0
343.0
350.0
346.0
351.0
333.0
332.0
349.0
350.0
352.0
348.0
346.0
349.0
362.0
354.0
354.0
352.0
352.0
368.0
357.0
362.0
356.0
353.0
361.0
361.0
367.0
366.0
370.0
355.0
356.0
376.0
365.0
372.0
394.0
377.0
387.0
375.0
376.0
388.0
365.0
387.0
385.0
380.0
384.0
378.0
360.0
377.0
365.0
361.0
359.0
362.0
369.0
374.0
383.0
362.0
362.0
367.0
376.0
368.0
371.0
366.0
365.0
363.0
365.0
365.0
367.0
357.0
353.0
375.0
359.0
369.0
383.0
377.0
390.0
388.0
377.0
374.0
383.0
390.0
369.0
358.0
374.0
363.0
367.0
360.0
361.0
367.0
357.0
366.0
359.0
375.0
371.0
383.0
392.0
372.0
397.0
395.0
389.0
402.0
402.0
389.0
404.0
402.0
402.0
400.0
401.0
405.0
403.0
418.0
404.0
409.0
396.0
381.0
397.0
399.0
389.0
384.0
399.0
405.0
386.0
379.0
386.0
389.0
364.0
383.0
394.0
393.0
386.0
403.0
413.0
409.0
389.0
404.0
405.0
388.0
389.0
396.0
394.0
391.0
378.0
381.0
374.0
380.0
375.0
384.0
376.0
371.0
370.0
368.0
370.0
374.0
357.0
368.0
360.0
361.0
360.0
359.0
356.0
373.0
354.0
356.0
349.0
352.0
363.0
357.0
355.0
351.0
369.0
362.0
355.0
352.0
361.0
356.0
353.0
355.0
360.0
358.0
355.0
363.0
378.0
370.0
376.0
362.0
371.0
368.0
367.0
378.0
382.0
364.0
372.0
363.0
363.0
376.0
384.0
376.0
377.0
360.0
377.0
381.0
372.0
393.0
389.0
399.0
390.0
387.0
402.0
409.0
411.0
417.0
405.0
419.0
405.0
396.0
394.0
388.0
390.0
386.0
384.0
390.0
378.0
385.0
372.0
367.0
355.0
372.0
367.0
353.0
366.0
354.0
353.0
343.0
336.0
350.0
370.0
356.0
334.0
342.0
341.0
347.0
350.0
335.0
353.0
358.0
353.0
365.0
356.0
349.0
342.0
345.0
357.0
339.0
329.0
335.0
337.0
347.0
337.0
336.0
337.0
331.0
326.0
318.0
318.0
341.0
327.0
327.0
337.0
327.0
342.0
330.0
327.0
339.0
335.0
333.0
327.0
335.0
340.0
337.0
332.0
315.0
326.0
334.0
338.0
349.0
344.0
345.0
351.0
357.0
347.0
344.0
338.0
340.0
358.0
348.0
348.0
345.0
346.0
351.0
350.0
331.0
342.0
333.0
330.0
332.0
321.0
326.0
324.0
323.0
317.0
322.0
323.0
315.0
330.0
335.0
343.0
347.0
341.0
339.0
328.0
342.0
336.0
342.0
342.0
326.0
348.0
352.0
347.0
350.0
357.0
351.0
361.0
350.0
359.0
363.0
350.0
352.0
346.0
352.0
350.0
353.0
346.0
353.0
354.0
352.0
342.0
353.0
344.0
348.0
348.0
348.0
354.0
348.0
352.0
339.0
342.0
357.0
346.0
355.0
352.0
340.0
350.0
354.0
354.0
357.0
362.0
369.0
362.0
351.0
356.0
341.0
350.0
362.0
352.0
353.0
343.0
350.0
353.0
348.0
343.0
338.0
338.0
336.0
350.0
336.0
341.0
342.0
343.0
340.0
343.0
338.0
347.0
352.0
346.0
340.0
352.0
348.0
346.0
340.0
351.0
355.0
347.0
348.0
363.0
340.0
336.0
330.0
344.0
341.0
322.0
310.0
329.0
322.0
319.0
318.0
316.0
327.0
336.0
336.0
334.0
340.0
324.0
329.0
333.0
323.0
328.0
332.0
332.0
349.0
341.0
340.0
357.0
340.0
340.0
346.0
330.0
346.0
358.0
339.0
346.0
358.0
361.0
360.0
363.0
361.0
357.0
363.0
367.0
356.0
360.0
361.0
378.0
350.0
357.0
361.0
354.0
352.0
352.0
356.0
357.0
359.0
360.0
355.0
345.0
358.0
356.0
346.0
350.0
340.0
333.0
354.0
344.0
342.0
344.0
350.0
346.0
334.0
348.0
353.0
356.0
367.0
359.0
351.0
348.0
348.0
334.0
330.0
326.0
323.0
311.0
312.0
312.0
327.0
328.0
309.0
316.0
320.0
323.0
326.0
321.0
322.0
324.0
324.0
326.0
321.0
319.0
307.0
324.0
320.0
322.0
330.0
335.0
341.0
348.0
348.0
338.0
340.0
350.0
358.0
341.0
348.0
350.0
343.0
342.0
354.0
354.0
336.0
355.0
354.0
350.0
343.0
330.0
341.0
341.0
332.0
349.0
340.0
354.0
351.0
354.0
371.0
360.0
365.0
341.0
350.0
349.0
346.0
343.0
344.0
344.0
355.0
353.0
347.0
344.0
343.0
353.0
357.0
334.0
328.0
335.0
353.0
346.0
343.0
347.0
336.0
342.0
348.0
349.0
355.0
352.0
355.0
359.0
365.0
362.0
370.0
365.0
371.0
376.0
373.0
393.0
372.0
386.0
375.0
381.0
381.0
386.0
380.0
377.0
380.0
372.0
379.0
380.0
370.0
371.0
385.0
378.0
390.0
401.0
382.0
389.0
382.0
383.0
384.0
379.0
389.0
383.0
388.0
384.0
371.0
364.0
374.0
384.0
387.0
381.0
380.0
372.0
365.0
350.0
366.0
369.0
368.0
367.0
368.0
372.0
387.0
383.0
383.0
382.0
382.0
372.0
391.0
384.0
391.0
377.0
381.0
366.0
367.0
394.0
380.0
368.0
364.0
361.0
363.0
357.0
346.0
342.0
345.0
351.0
362.0
352.0
357.0
361.0
361.0
361.0
371.0
371.0
355.0
382.0
377.0
377.0
381.0
374.0
363.0
359.0
369.0
372.0
378.0
396.0
391.0
386.0
394.0
383.0
376.0
384.0
385.0
383.0
375.0
381.0
382.0
376.0
375.0
358.0
374.0
373.0
356.0
364.0
356.0
349.0
357.0
354.0
361.0
365.0
363.0
338.0
339.0
351.0
339.0
337.0
331.0
342.0
347.0
342.0
342.0
356.0
359.0
359.0
369.0
379.0
380.0
367.0
361.0
