876.0
149.0
26.0
19.0
13.0
12.0
10.0
11.0
7.0
7.0
7.0
8.0
9.0
8.0
9.0
7.0
10.0
7.0
6.0
7.0
7.0
7.0
7.0
7.0
8.0
9.0
8.0
9.0
8.0
9.0
9.0
10.0
12.0
11.0
11.0
12.0
14.0
14.0
16.0
16.0
18.0
18.0
16.0
16.0
20.0
19.0
19.0
20.0
18.0
22.0
20.0
23.0
24.0
25.0
26.0
27.0
28.0
31.0
28.0
31.0
31.0
33.0
38.0
35.0
36.0
38.0
43.0
49.0
45.0
45.0
49.0
55.0
55.0
58.0
61.0
59.0
62.0
70.0
68.0
73.0
72.0
73.0
81.0
77.0
82.0
85.0
88.0
96.0
92.0
101.0
99.0
105.0
112.0
109.0
115.0
116.0
127.0
132.0
130.0
140.0
143.0
149.0
157.0
160.0
161.0
166.0
167.0
170.0
169.0
181.0
186.0
197.0
195.0
199.0
194.0
206.0
217.0
219.0
235.0
243.0
239.0
254.0
254.0
267.0
269.0
278.0
289.0
275.0
288.0
292.0
296.0
291.0
299.0
326.0
334.0
345.0
343.0
349.0
365.0
373.0
375.0
380.0
378.0
383.0
391.0
393.0
410.0
413.0
418.0
429.0
450.0
456.0
467.0
481.0
484.0
482.0
501.0
510.0
515.0
521.0
532.0
539.0
557.0
591.0
595.0
603.0
612.0
634.0
645.0
658.0
666.0
676.0
677.0
693.0
725.0
722.0
732.0
758.0
767.0
807.0
795.0
812.0
814.0
822.0
841.0
849.0
875.0
866.0
868.0
893.0
903.0
923.0
915.0
928.0
942.0
943.0
940.0
952.0
962.0
955.0
968.0
983.0
1018.0
1018.0
1056.0
1035.0
1039.0
1050.0
1062.0
1051.0
1029.0
1053.0
1048.0
1047.0
1044.0
1061.0
1058.0
1065.0
1045.0
1044.0
1062.0
1049.0
1075.0
1087.0
1079.0
1110.0
1094.0
1083.0
1120.0
1111.0
1106.0
1121.0
1129.0
1135.0
1157.0
1173.0
1180.0
1171.0
1179.0
1199.0
1213.0
1196.0
1205.0
1230.0
1213.0
1214.0
1233.0
1236.0
1247.0
1258.0
1285.0
1280.0
1264.0
1272.0
1260.0
1275.0
1284.0
1288.0
1296.0
1260.0
1272.0
1273.0
1281.0
1283.0
1266.0
1260.0
1269.0
1278.0
1285.0
1260.0
1265.0
1250.0
1281.0
1267.0
1249.0
1254.0
1242.0
1293.0
1275.0
1276.0
1284.0
1273.0
1297.0
1302.0
1302.0
1297.0
1314.0
1319.0
1346.0
1340.0
1336.0
1341.0
1349.0
1373.0
1354.0
1377.0
1353.0
1364.0
1376.0
1384.0
1379.0
1361.0
1356.0
1358.0
1390.0
1347.0
1341.0
1355.0
1374.0
1367.0
1373.0
1361.0
1375.0
1368.0
1368.0
1343.0
1342.0
1383.0
1351.0
1363.0
1380.0
1365.0
1371.0
1384.0
1367.0
1378.0
1384.0
1393.0
1398.0
1396.0
1392.0
1381.0
1434.0
1400.0
1405.0
1394.0
1405.0
1425.0
1410.0
1408.0
1417.0
1417.0
1399.0
1411.0
1384.0
1389.0
1386.0
1383.0
1378.0
1374.0
1370.0
1400.0
1384.0
1375.0
1388.0
1360.0
1391.0
1409.0
1430.0
1420.0
1410.0
1414.0
1426.0
1435.0
1420.0
1410.0
1411.0
1425.0
1439.0
1454.0
1443.0
1460.0
1483.0
1455.0
1441.0
1455.0
1430.0
1440.0
1444.0
1409.0
1425.0
1424.0
1427.0
1452.0
1414.0
1435.0
1414.0
1422.0
1432.0
1433.0
1473.0
1483.0
1455.0
1456.0
1438.0
1461.0
1459.0
1449.0
1446.0
1421.0
1443.0
1487.0
1438.0
1461.0
1465.0
1475.0
1499.0
1467.0
1503.0
1475.0
1511.0
1500.0
1482.0
1499.0
1457.0
1484.0
1486.0
1478.0
1504.0
1459.0
1477.0
1499.0
1489.0
1517.0
1486.0
1498.0
1496.0
1511.0
1488.0
1502.0
1494.0
1488.0
1523.0
1541.0
1561.0
1568.0
1589.0
1601.0
1577.0
1568.0
1572.0
1592.0
1593.0
1621.0
1568.0
1554.0
1569.0
1578.0
1609.0
1582.0
1569.0
1570.0
1568.0
1575.0
1566.0
1558.0
1579.0
1583.0
1591.0
1591.0
1596.0
1569.0
1562.0
1565.0
1562.0
1580.0
1613.0
1581.0
1569.0
1586.0
1588.0
1578.0
1575.0
1577.0
1549.0
1593.0
1587.0
1583.0
1593.0
1599.0
1610.0
1622.0
1634.0
1622.0
1632.0
1626.0
1621.0
1625.0
1627.0
1609.0
1628.0
1615.0
1612.0
1612.0
1612.0
1608.0
1610.0
1623.0
1588.0
1607.0
1607.0
1624.0
1615.0
1618.0
1574.0
1580.0
1611.0
1608.0
1625.0
1623.0
1619.0
1609.0
1579.0
1605.0
1617.0
1626.0
1645.0
1618.0
1623.0
1615.0
1604.0
1623.0
1622.0
1643.0
1635.0
1638.0
1659.0
1639.0
1659.0
1677.0
1673.0
1649.0
1643.0
1662.0
1688.0
1689.0
1659.0
1686.0
1697.0
1688.0
1702.0
1704.0
1680.0
1655.0
1634.0
1637.0
1627.0
1612.0
1616.0
1623.0
1638.0
1653.0
1638.0
1631.0
1626.0
1641.0
1644.0
1650.0
1656.0
1651.0
1667.0
1670.0
1672.0
1661.0
1655.0
1675.0
1681.0
1668.0
1641.0
1667.0
1696.0
1658.0
1662.0
1658.0
1665.0
1694.0
1709.0
1678.0
1669.0
1641.0
1638.0
1620.0
1621.0
1630.0
1622.0
1643.0
1633.0
1629.0
1608.0
1625.0
1641.0
1659.0
1674.0
1625.0
1640.0
1629.0
1634.0
1642.0
1640.0
1645.0
1645.0
1654.0
1619.0
1641.0
1618.0
1614.0
1591.0
1631.0
1621.0
1606.0
1625.0
1612.0
1610.0
1629.0
1646.0
1615.0
1625.0
1622.0
1631.0
1639.0
1615.0
1629.0
1624.0
1597.0
1591.0
1598.0
1614.0
1645.0
1630.0
1629.0
1622.0
1620.0
1647.0
1636.0
1625.0
1644.0
1648.0
1671.0
1694.0
1673.0
1676.0
1666.0
1663.0
1668.0
1632.0
1628.0
1637.0
1606.0
1612.0
1608.0
1624.0
1653.0
1633.0
1645.0
1638.0
1627.0
1667.0
1666.0
1678.0
1671.0
1672.0
1673.0
1670.0
1660.0
1647.0
1684.0
1662.0
1670.0
1659.0
1640.0
1644.0
1603.0
1602.0
1619.0
1620.0
1641.0
1659.0
1634.0
1643.0
1665.0
1671.0
1667.0
1690.0
1693.0
1688.0
1696.0
1682.0
1688.0
1690.0
1699.0
1694.0
1662.0
1661.0
1671.0
1658.0
1669.0
1654.0
1682.0
1681.0
1671.0
1662.0
1666.0
1667.0
1673.0
1687.0
1679.0
1691.0
1657.0
1671.0
1668.0
1642.0
1657.0
1654.0
1644.0
1615.0
1638.0
1609.0
1624.0
1628.0
1639.0
1619.0
1619.0
1647.0
1649.0
1670.0
1681.0
1677.0
1668.0
1672.0
1669.0
1703.0
1697.0
1704.0
1694.0
1677.0
1674.0
1664.0
1668.0
1681.0
1646.0
1648.0
1674.0
1668.0
1687.0
1699.0
1655.0
1681.0
1654.0
1676.0
1674.0
1677.0
1668.0
1704.0
1700.0
1678.0
1684.0
1720.0
1700.0
1671.0
1637.0
1656.0
1650.0
1659.0
1669.0
1661.0
1661.0
1639.0
1662.0
1669.0
1650.0
1655.0
1631.0
1651.0
1659.0
1664.0
1660.0
1659.0
1664.0
1658.0
1645.0
1651.0
1643.0
1668.0
1664.0
1687.0
1666.0
1656.0
1671.0
1671.0
1683.0
1691.0
1711.0
1693.0
1694.0
1671.0
1687.0
1697.0
1693.0
1719.0
1702.0
1740.0
1728.0
1667.0
1692.0
1690.0
1693.0
1722.0
1695.0
1703.0
1687.0
1679.0
1683.0
1706.0
1695.0
1673.0
1701.0
1709.0
1682.0
1677.0
1675.0
1697.0
1729.0
1708.0
1725.0
1704.0
1711.0
1717.0
1735.0
1739.0
1708.0
1697.0
1705.0
1705.0
1690.0
1684.0
1661.0
1703.0
1695.0
1704.0
1697.0
1688.0
1690.0
1695.0
1713.0
1736.0
1734.0
1727.0
1733.0
1759.0
1718.0
1704.0
1724.0
1728.0
1722.0
1721.0
1715.0
1723.0
1712.0
1715.0
1703.0
1696.0
1691.0
1667.0
1658.0
1647.0
1655.0
1650.0
1640.0
1666.0
1674.0
1676.0
1680.0
1691.0
1683.0
1704.0
1720.0
1690.0
1679.0
1690.0
1696.0
1727.0
1694.0
1721.0
1735.0
1721.0
1697.0
1699.0
1693.0
1709.0
1713.0
1710.0
1686.0
1685.0
1691.0
1692.0
1716.0
1675.0
1680.0
1664.0
1674.0
1682.0
1706.0
1733.0
1717.0
1689.0
1687.0
1702.0
1706.0
1701.0
1710.0
1710.0
1704.0
1712.0
1696.0
1698.0
1723.0
1709.0
1712.0
1702.0
1663.0
1692.0
1686.0
1712.0
1714.0
1741.0
1722.0
1708.0
1687.0
1674.0
1692.0
1689.0
1708.0
1666.0
1655.0
1678.0
1668.0
1670.0
1701.0
1658.0
1662.0
1631.0
1676.0
1688.0
1689.0
1668.0
1677.0
1699.0
1699.0
1706.0
1686.0
1680.0
1713.0
1722.0
1699.0
1735.0
1732.0
1727.0
1753.0
1726.0
1738.0
1714.0
1721.0
