900.0
143.0
28.0
16.0
14.0
14.0
12.0
11.0
10.0
10.0
9.0
9.0
9.0
11.0
10.0
11.0
10.0
10.0
10.0
12.0
13.0
12.0
12.0
13.0
14.0
16.0
16.0
16.0
18.0
17.0
19.0
23.0
23.0
22.0
21.0
25.0
26.0
28.0
27.0
27.0
29.0
32.0
31.0
30.0
29.0
28.0
32.0
34.0
31.0
32.0
33.0
34.0
37.0
36.0
36.0
36.0
40.0
42.0
47.0
43.0
40.0
42.0
45.0
50.0
43.0
45.0
43.0
48.0
50.0
49.0
50.0
51.0
56.0
56.0
59.0
59.0
66.0
60.0
61.0
57.0
60.0
58.0
60.0
64.0
62.0
65.0
63.0
64.0
67.0
69.0
72.0
69.0
68.0
74.0
68.0
73.0
68.0
69.0
66.0
67.0
70.0
67.0
65.0
67.0
68.0
71.0
69.0
71.0
74.0
71.0
75.0
73.0
73.0
73.0
70.0
71.0
73.0
72.0
77.0
77.0
74.0
81.0
81.0
86.0
83.0
83.0
87.0
80.0
81.0
81.0
86.0
90.0
82.0
78.0
82.0
81.0
82.0
85.0
81.0
81.0
82.0
85.0
84.0
83.0
80.0
85.0
90.0
90.0
95.0
94.0
98.0
93.0
102.0
105.0
110.0
103.0
110.0
111.0
115.0
121.0
113.0
113.0
122.0
117.0
121.0
120.0
122.0
132.0
128.0
131.0
131.0
134.0
134.0
138.0
145.0
145.0
145.0
153.0
151.0
156.0
161.0
156.0
150.0
156.0
158.0
160.0
161.0
158.0
161.0
169.0
172.0
184.0
182.0
188.0
193.0
200.0
200.0
210.0
193.0
204.0
207.0
206.0
214.0
215.0
220.0
227.0
232.0
234.0
231.0
237.0
235.0
239.0
237.0
235.0
254.0
263.0
269.0
289.0
286.0
307.0
310.0
325.0
332.0
339.0
338.0
353.0
358.0
391.0
383.0
390.0
409.0
419.0
422.0
419.0
435.0
447.0
450.0
464.0
486.0
497.0
504.0
527.0
535.0
574.0
574.0
586.0
579.0
602.0
609.0
617.0
632.0
629.0
655.0
680.0
681.0
700.0
723.0
728.0
740.0
756.0
781.0
804.0
814.0
821.0
847.0
856.0
865.0
872.0
860.0
874.0
882.0
893.0
920.0
934.0
925.0
924.0
939.0
961.0
982.0
971.0
986.0
1023.0
1021.0
1052.0
1052.0
1071.0
1095.0
1109.0
1136.0
1127.0
1134.0
1153.0
1174.0
1184.0
1199.0
1216.0
1244.0
1265.0
1273.0
1255.0
1264.0
1313.0
1331.0
1330.0
1319.0
1349.0
1355.0
1369.0
1386.0
1390.0
1436.0
1455.0
1503.0
1506.0
1480.0
1519.0
1527.0
1563.0
1565.0
1557.0
1577.0
1572.0
1582.0
1605.0
1584.0
1606.0
1635.0
1644.0
1668.0
1697.0
1692.0
1737.0
1730.0
1717.0
1726.0
1749.0
1774.0
1766.0
1757.0
1742.0
1739.0
1774.0
1787.0
1807.0
1837.0
1837.0
1833.0
1801.0
1832.0
1844.0
1867.0
1848.0
1847.0
1878.0
1880.0
1911.0
1904.0
1901.0
1904.0
1905.0
1937.0
1909.0
1914.0
1929.0
1922.0
1934.0
1964.0
1949.0
1973.0
1941.0
1979.0
1983.0
1971.0
1984.0
2024.0
1997.0
2022.0
2015.0
2020.0
2026.0
2003.0
2049.0
2071.0
2067.0
2089.0
2118.0
2112.0
2101.0
2104.0
2118.0
2111.0
2091.0
2120.0
2108.0
2149.0
2131.0
2134.0
2137.0
2135.0
2116.0
2116.0
2110.0
2148.0
2154.0
2171.0
2208.0
2180.0
2164.0
2193.0
2185.0
2170.0
2182.0
2177.0
2188.0
2150.0
2169.0
2140.0
2157.0
2160.0
2163.0
2163.0
2198.0
2222.0
2223.0
2233.0
2240.0
2248.0
2218.0
2222.0
2198.0
2254.0
2258.0
2243.0
2230.0
2196.0
2243.0
2273.0
2246.0
2211.0
2243.0
2272.0
2262.0
2275.0
2262.0
2275.0
2304.0
2275.0
2253.0
2263.0
2253.0
2255.0
2243.0
2228.0
2253.0
2256.0
2297.0
2314.0
2288.0
2293.0
2290.0
2267.0
2251.0
2301.0
2268.0
2278.0
2302.0
2288.0
2321.0
2314.0
2297.0
2311.0
2321.0
2302.0
2323.0
2309.0
2323.0
2355.0
2358.0
2341.0
2320.0
2344.0
2322.0
2326.0
2336.0
2315.0
2330.0
2324.0
2323.0
2325.0
2314.0
2316.0
2333.0
2363.0
2358.0
2313.0
2327.0
2308.0
2327.0
2335.0
2320.0
2336.0
2318.0
2384.0
2378.0
2380.0
2380.0
2380.0
2419.0
2393.0
2368.0
2316.0
2330.0
2349.0
2377.0
2365.0
2379.0
2376.0
2368.0
2343.0
2381.0
2355.0
2373.0
2386.0
2353.0
2358.0
2349.0
2337.0
2386.0
2375.0
2368.0
2390.0
2389.0
2393.0
2347.0
2376.0
2395.0
2345.0
2379.0
2378.0
2397.0
2388.0
2382.0
2410.0
2371.0
2385.0
2405.0
2388.0
2381.0
2398.0
2425.0
2422.0
2424.0
2402.0
2411.0
2419.0
2414.0
2430.0
2422.0
2400.0
2394.0
2413.0
2417.0
2444.0
2397.0
2408.0
2423.0
2421.0
2445.0
2436.0
2396.0
2411.0
2419.0
2435.0
2434.0
2415.0
2420.0
2391.0
2380.0
2402.0
2378.0
2388.0
2384.0
2345.0
2350.0
2382.0
2371.0
2392.0
2381.0
2363.0
2394.0
2390.0
2383.0
2393.0
2393.0
2385.0
2377.0
2364.0
2373.0
2371.0
2374.0
2371.0
2405.0
2391.0
2404.0
2419.0
2423.0
2422.0
2445.0
2423.0
2401.0
2400.0
2439.0
2413.0
2414.0
2458.0
2432.0
2444.0
2440.0
2420.0
2412.0
2428.0
2432.0
2417.0
2443.0
2460.0
2452.0
2432.0
2448.0
2475.0
2461.0
2451.0
2461.0
2414.0
2423.0
2405.0
2432.0
2400.0
2386.0
2378.0
2396.0
2411.0
2431.0
2393.0
2376.0
2368.0
2396.0
2406.0
2394.0
2389.0
2394.0
2408.0
2448.0
2451.0
2442.0
2438.0
2394.0
2412.0
2399.0
2409.0
2454.0
2438.0
2457.0
2428.0
2418.0
2426.0
2439.0
2412.0
2448.0
2454.0
2432.0
2382.0
2415.0
2434.0
2445.0
2375.0
2424.0
2421.0
2416.0
2425.0
2405.0
2442.0
2419.0
2422.0
2449.0
2452.0
2462.0
2458.0
2464.0
2423.0
2430.0
2451.0
2454.0
2430.0
2427.0
2412.0
2461.0
2416.0
2425.0
2462.0
2476.0
2477.0
2462.0
2445.0
2435.0
2457.0
2434.0
2408.0
2422.0
2376.0
2387.0
2397.0
2379.0
2382.0
2372.0
2416.0
2411.0
2401.0
2404.0
2419.0
2423.0
2426.0
2433.0
2425.0
2441.0
2438.0
2451.0
2419.0
2436.0
2452.0
2422.0
2441.0
2466.0
2490.0
2416.0
2406.0
2368.0
2401.0
2420.0
2400.0
2424.0
2420.0
2437.0
2425.0
2440.0
2456.0
2414.0
2424.0
2419.0
2450.0
2448.0
2445.0
2386.0
2417.0
2406.0
2410.0
2412.0
2424.0
2444.0
2446.0
2447.0
2445.0
2447.0
2429.0
2433.0
2436.0
2474.0
2464.0
2476.0
2469.0
2469.0
2498.0
2459.0
2448.0
2475.0
2463.0
2487.0
2474.0
2455.0
2473.0
2433.0
2414.0
2432.0
2471.0
2479.0
2470.0
2486.0
2467.0
2466.0
2455.0
2462.0
2471.0
2460.0
2479.0
2493.0
2493.0
2495.0
2505.0
2498.0
2504.0
2527.0
2510.0
2505.0
2501.0
2457.0
2488.0
2469.0
2482.0
2459.0
2481.0
2450.0
2433.0
2425.0
2437.0
2429.0
2436.0
2464.0
2449.0
2445.0
2460.0
2469.0
2478.0
2462.0
2447.0
2511.0
2500.0
2502.0
2523.0
2481.0
2482.0
2491.0
2503.0
2486.0
2497.0
2484.0
2511.0
2501.0
2500.0
2482.0
2472.0
2464.0
2452.0
2460.0
2447.0
2468.0
2482.0
2475.0
2447.0
2457.0
2458.0
2438.0
2435.0
2413.0
2420.0
2469.0
2465.0
2443.0
2413.0
2423.0
2445.0
2438.0
2435.0
2456.0
2429.0
2443.0
2478.0
2484.0
2473.0
2450.0
2435.0
2417.0
2439.0
2402.0
2428.0
2431.0
2380.0
2398.0
2399.0
2402.0
2389.0
2376.0
2405.0
2438.0
2461.0
2478.0
2430.0
2441.0
2438.0
2442.0
2449.0
2425.0
2389.0
2408.0
2407.0
2398.0
2407.0
2407.0
2423.0
2449.0
2435.0
2449.0
2458.0
2458.0
2460.0
2471.0
2461.0
2465.0
2457.0
2464.0
2438.0
2466.0
2497.0
2470.0
2463.0
2479.0
2467.0
2476.0
2491.0
2506.0
2476.0
2478.0
2468.0
2474.0
2473.0
2489.0
2512.0
2522.0
2535.0
2497.0
2476.0
2492.0
2485.0
2529.0
2513.0
2499.0
2507.0
2540.0
2561.0
2547.0
2524.0
2544.0
2552.0
2563.0
2543.0
2534.0
2524.0
2525.0
2529.0
2515.0
2494.0
2480.0
2534.0
2534.0
2547.0
2541.0
2548.0
2553.0
2581.0
2540.0
2549.0
2509.0
2544.0
2557.0
2536.0
2546.0
2525.0
2536.0
2539.0
2525.0
2525.0
2494.0
2537.0
2548.0
2535.0
2548.0
2543.0
2533.0
2527.0
2533.0
2536.0
2526.0
2562.0
2551.0
2550.0
2554.0
2539.0
2545.0
2541.0
2539.0
2542.0
2548.0
2527.0
2512.0
2523.0
2524.0
2526.0
2504.0
2509.0
2514.0
2473.0
2476.0
2472.0
2514.0
2523.0
2486.0
2500.0
2510.0
2548.0
2546.0
2559.0
2551.0
2555.0
2572.0
2574.0
2536.0
2554.0
2606.0
2573.0
2573.0
2559.0
2575.0
2598.0
2581.0
2571.0
2571.0
2582.0
2587.0
2597.0
2577.0
2573.0
2574.0
2590.0
2582.0
2600.0
2576.0
2595.0
2585.0
2602.0
2593.0
2634.0
2615.0
2614.0
2586.0
2592.0
2598.0
2621.0
2635.0
2594.0
2609.0
2603.0
2640.0
2640.0
2598.0
2576.0
2546.0
2554.0
2518.0
2492.0
2540.0
2547.0
2555.0
2553.0
2496.0
2539.0
2538.0
2541.0
2527.0
2513.0
2519.0
2526.0
2536.0
2532.0
2544.0
2555.0
2543.0
2549.0
2551.0
2586.0
2605.0
2574.0
2585.0
2617.0
2608.0
2584.0
2626.0
2593.0
2602.0
2578.0
2609.0
2630.0
2629.0
2619.0
2623.0
2614.0
2612.0
2609.0
2594.0
2610.0
2584.0
2572.0
2576.0
2562.0
2625.0
2621.0
2595.0
2590.0
2580.0
2575.0
2584.0
2577.0
2589.0
2574.0
2567.0
2571.0
2567.0
2601.0
2571.0
2558.0
2553.0
2543.0
2507.0
2525.0
2569.0
2585.0
2587.0
2582.0
2602.0
2600.0
2581.0
2577.0
2587.0
2573.0
2571.0
2578.0
2592.0
2595.0
2590.0
2564.0
2564.0
2561.0
2591.0
2566.0
2575.0
2615.0
2560.0
2537.0
2588.0
2603.0
2599.0
2612.0
2576.0
2587.0
2596.0
2587.0
2600.0
2601.0
2582.0
2600.0
2578.0
2554.0
2552.0
2584.0
2582.0
2550.0
2568.0
2581.0
2602.0
2611.0
2574.0
2608.0
2632.0
2623.0
2596.0
2622.0
2612.0
2658.0
2672.0
2634.0
2610.0
2598.0
2611.0
2640.0
2605.0
2601.0
2588.0
2604.0
2631.0
2585.0
2595.0
2586.0
2604.0
2594.0
2579.0
2572.0
2604.0
2617.0
2635.0
2622.0
2608.0
2584.0
2592.0
2617.0
2589.0
2630.0
2647.0
2671.0
2666.0
2638.0
2639.0
2648.0
2674.0
2641.0
2639.0
2615.0
2632.0
2586.0
2615.0
2605.0
2646.0
2655.0
2637.0
2644.0
2663.0
2677.0
2660.0
2689.0
2647.0
2671.0
2653.0
2639.0
2650.0
2645.0
2673.0
2671.0
2646.0
2645.0
2615.0
2629.0
2608.0
2602.0
2634.0
2612.0
2611.0
2614.0
2616.0
2626.0
2610.0
2610.0
2585.0
2592.0
2586.0
2648.0
2632.0
2605.0
2592.0
2624.0
2617.0
2650.0
2659.0
2648.0
2654.0
2656.0
2651.0
2637.0
2596.0
2615.0
2606.0
2601.0
2593.0
2648.0
2627.0
2601.0
2633.0
2628.0
2651.0
2646.0
2642.0
2641.0
2595.0
2602.0
2610.0
2622.0
2627.0
2627.0
2666.0
2615.0
2624.0
2669.0
2642.0
2653.0
2638.0
2635.0
2608.0
2640.0
2671.0
2650.0
2648.0
2640.0
2613.0
2602.0
2646.0
2613.0
2629.0
2635.0
2649.0
2671.0
2613.0
2598.0
2589.0
2614.0
2676.0
2656.0
2672.0
2668.0
2688.0
2696.0
2668.0
2699.0
2665.0
2670.0
2688.0
2675.0
2658.0
2664.0
2651.0
2650.0
2655.0
2640.0
2660.0
2633.0
2611.0
2633.0
2659.0
2618.0
2611.0
2633.0
2655.0
2676.0
2668.0
2644.0
2685.0
2674.0
2656.0
2625.0
2645.0
2651.0
2642.0
2652.0
2660.0
2664.0
2645.0
2652.0
2655.0
2665.0
2644.0
2666.0
2662.0
2642.0
2639.0
2620.0
2629.0
2627.0
2616.0
2644.0
2628.0
2625.0
2624.0
2594.0
2626.0
2653.0
2647.0
2631.0
2628.0
2642.0
2670.0
2673.0
2670.0
2683.0
2671.0
2626.0
2642.0
2608.0
2654.0
2645.0
2643.0
2620.0
2622.0
2641.0
2633.0
2628.0
2614.0
2636.0
2670.0
2676.0
2679.0
2696.0
2662.0
2686.0
2703.0
2659.0
2665.0
2669.0
2710.0
2679.0
2639.0
2643.0
2666.0
2667.0
2662.0
2680.0
2640.0
2631.0
2629.0
2600.0
2677.0
2647.0
2650.0
2635.0
2622.0
2649.0
2621.0
2647.0
2671.0
2636.0
2664.0
2641.0
2635.0
2623.0
2625.0
2648.0
2614.0
2616.0
2616.0
2586.0
2605.0
2603.0
2665.0
2653.0
2614.0
2625.0
2655.0
2638.0
2582.0
2592.0
2580.0
2594.0
2589.0
2595.0
2576.0
2573.0
2616.0
2652.0
2641.0
2628.0
2645.0
2622.0
2653.0
2656.0
2649.0
2636.0
2629.0
2640.0
2642.0
2633.0
2645.0
2640.0
2619.0
2623.0
2627.0
2630.0
2634.0
2641.0
2619.0
2621.0
2648.0
2601.0
2617.0
2631.0
2633.0
2625.0
2583.0
2593.0
2598.0
2597.0
