63.0
40.0
43.0
45.0
44.0
50.0
63.0
70.0
78.0
81.0
84.0
87.0
89.0
107.0
123.0
148.0
165.0
189.0
207.0
216.0
236.0
222.0
242.0
257.0
265.0
312.0
334.0
358.0
426.0
460.0
538.0
622.0
735.0
831.0
936.0
1040.0
1124.0
1238.0
1347.0
1399.0
1440.0
1513.0
1562.0
1591.0
1680.0
1671.0
1638.0
1727.0
1754.0
1752.0
1826.0
1775.0
1713.0
1819.0
1783.0
1772.0
1769.0
1789.0
1769.0
1757.0
1831.0
1844.0
1898.0
1893.0
1880.0
1841.0
1845.0
1889.0
1876.0
1890.0
1975.0
1931.0
2030.0
1961.0
1985.0
1982.0
1982.0
1973.0
2044.0
2064.0
2028.0
2053.0
2097.0
2038.0
2059.0
1988.0
2016.0
2019.0
2040.0
1951.0
2026.0
1977.0
2017.0
2018.0
2068.0
2077.0
2085.0
2025.0
2048.0
2005.0
2026.0
1973.0
1972.0
2041.0
2019.0
1978.0
1974.0
1932.0
1933.0
1946.0
1989.0
1920.0
1964.0
1917.0
2009.0
2016.0
2026.0
2026.0
2000.0
1994.0
2018.0
1960.0
1960.0
1986.0
1998.0
2015.0
2025.0
2056.0
2036.0
1959.0
1978.0
2058.0
2002.0
2003.0
2032.0
2042.0
2019.0
2024.0
1946.0
1887.0
1983.0
1983.0
1976.0
1927.0
1873.0
1978.0
1979.0
1994.0
2033.0
2006.0
1987.0
1971.0
2014.0
2060.0
2037.0
2046.0
2002.0
1985.0
1991.0
1974.0
2022.0
2024.0
1950.0
1957.0
1995.0
1969.0
1917.0
1910.0
1953.0
1932.0
1937.0
1945.0
1942.0
1935.0
1959.0
1938.0
1929.0
1967.0
1884.0
1897.0
1903.0
1919.0
1952.0
1965.0
1925.0
1882.0
1920.0
1944.0
1946.0
1933.0
1918.0
1928.0
1981.0
1933.0
1983.0
1944.0
1946.0
1979.0
1997.0
1953.0
1944.0
1995.0
2007.0
1982.0
1986.0
2006.0
2059.0
2049.0
1974.0
2015.0
2000.0
2015.0
2019.0
2051.0
2083.0
2038.0
2108.0
2077.0
2042.0
2092.0
2036.0
2076.0
2080.0
2075.0
2062.0
2021.0
2104.0
2069.0
2070.0
2041.0
2004.0
2014.0
2016.0
2039.0
1978.0
2005.0
1990.0
2007.0
2059.0
2095.0
2039.0
2038.0
1985.0
2022.0
2051.0
2061.0
2026.0
1949.0
1931.0
1983.0
1992.0
2015.0
1977.0
2015.0
1992.0
1994.0
1993.0
2035.0
1991.0
1925.0
2016.0
1959.0
1952.0
1884.0
1892.0
1937.0
1867.0
1896.0
1895.0
1921.0
1995.0
1986.0
1963.0
1885.0
1923.0
1946.0
1967.0
1947.0
1962.0
1983.0
2074.0
1984.0
1965.0
1897.0
1939.0
1948.0
1935.0
1905.0
1902.0
1950.0
1938.0
1898.0
1921.0
1935.0
1998.0
1951.0
1937.0
1853.0
1882.0
1819.0
1845.0
1958.0
1941.0
1830.0
1892.0
1912.0
1899.0
1972.0
1942.0
