121.0
101.0
67.0
45.0
40.0
40.0
44.0
48.0
51.0
51.0
50.0
48.0
50.0
56.0
59.0
67.0
72.0
77.0
89.0
90.0
98.0
109.0
126.0
135.0
146.0
164.0
173.0
190.0
205.0
219.0
225.0
230.0
254.0
277.0
319.0
333.0
372.0
406.0
426.0
455.0
514.0
564.0
592.0
650.0
711.0
751.0
794.0
851.0
902.0
938.0
979.0
1014.0
1063.0
1114.0
1161.0
1221.0
1242.0
1259.0
1317.0
1335.0
1350.0
1363.0
1416.0
1420.0
1455.0
1529.0
1558.0
1602.0
1625.0
1657.0
1694.0
1725.0
1754.0
1798.0
1835.0
1859.0
1893.0
1960.0
2012.0
2039.0
2015.0
2034.0
2051.0
2137.0
2135.0
2169.0
2221.0
2230.0
2226.0
2218.0
2231.0
2264.0
2330.0
2309.0
2272.0
2309.0
2326.0
2299.0
2343.0
2373.0
2371.0
2362.0
2365.0
2387.0
2368.0
2374.0
2343.0
2342.0
2320.0
2349.0
2318.0
2313.0
2318.0
2378.0
2390.0
2379.0
2368.0
2346.0
2361.0
2373.0
2335.0
2346.0
2330.0
2340.0
2385.0
2362.0
2319.0
2315.0
2333.0
2299.0
2302.0
2347.0
2328.0
2350.0
2390.0
2388.0
2442.0
2436.0
2399.0
2383.0
2409.0
2424.0
2441.0
2448.0
2420.0
2421.0
2408.0
2472.0
2478.0
2509.0
2520.0
2531.0
2524.0
2549.0
2550.0
2565.0
2626.0
2616.0
2610.0
2606.0
2609.0
2616.0
2620.0
2628.0
2550.0
2583.0
2592.0
2574.0
2559.0
2572.0
2611.0
2644.0
2599.0
2641.0
2656.0
2653.0
2686.0
2695.0
2695.0
2732.0
2729.0
2811.0
2746.0
2777.0
2725.0
2788.0
2811.0
2835.0
2816.0
2790.0
2790.0
2764.0
2819.0
2756.0
2779.0
2798.0
2778.0
2785.0
2796.0
2798.0
2830.0
2827.0
2814.0
2818.0
2799.0
2814.0
2820.0
2871.0
2927.0
2844.0
2835.0
2897.0
2868.0
2879.0
2881.0
2898.0
2892.0
2871.0
2845.0
2860.0
2879.0
2931.0
2941.0
2922.0
2895.0
2870.0
2892.0
2888.0
2895.0
2855.0
2894.0
2855.0
2834.0
2859.0
2856.0
2851.0
2864.0
2881.0
2932.0
2967.0
2941.0
2934.0
2958.0
2965.0
2943.0
2948.0
2909.0
2888.0
2898.0
2919.0
2873.0
2899.0
2917.0
2928.0
2924.0
2944.0
2952.0
2940.0
2929.0
2966.0
2903.0
2919.0
2895.0
2945.0
2951.0
2932.0
2939.0
2905.0
2881.0
2887.0
2918.0
2889.0
2922.0
2862.0
2866.0
