1117
873
564
315
221
195
197
201
203
226
242
265
286
314
346
387
433
503
545
610
678
784
885
980
1112
1209
1320
1422
1517
1584
1655
1734
1803
1874
1934
2003
2063
2128
2124
2215
2278
2304
2374
2392
2426
2452
2489
2500
2546
2575
2625
2623
2646
2643
2645
2637
2672
2684
2720
2736
2729
2755
2740
2791
2768
2778
2798
2798
2780
2792
2777
2872
2892
2888
2872
2877
2906
2987
2984
3049
3042
3052
3031
3098
3102
3131
3220
3237
3226
3222
3205
3225
3241
3190
3216
3223
3230
3233
3298
3285
3291
3326
3316
3365
3367
3388
3373
3399
3378
3455
3450
3435
3420
3458
3455
3454
3506
3471
3415
3415
3468
3463
3499
3469
3465
3486
3451
3492
3513
3514
3523
3549
3503
3548
3520
3545
3535
3599
3547
3574
3602
3593
3577
3602
3613
3629
3671
3618
3636
3607
3616
3684
3645
3686
3650
3665
3656
3658
3657
3643
3619
3639
3650
3652
3637
3610
3564
3576
3626
3616
3607
3570
3551
3554
3600
3551
3551
3549
3583
3559
3560
3598
3623
3553
3522
3483
3534
3523
3534
3568
3562
3580
3533
3524
3519
3508
3532
3562
3552
3580
3526
3516
3538
3577
3538
3547
3524
