1128.0
883.0
532.0
317.0
202.0
191.0
180.0
181.0
185.0
187.0
204.0
214.0
214.0
221.0
226.0
245.0
263.0
279.0
282.0
304.0
321.0
359.0
378.0
393.0
423.0
450.0
487.0
521.0
555.0
605.0
653.0
717.0
791.0
848.0
917.0
1007.0
1066.0
1159.0
1247.0
1369.0
1458.0
1525.0
1615.0
1695.0
1779.0
1839.0
1922.0
2017.0
2082.0
2180.0
2249.0
2285.0
2372.0
2454.0
2524.0
2600.0
2712.0
2804.0
2832.0
2845.0
2872.0
2894.0
2896.0
2898.0
2920.0
2959.0
2904.0
2931.0
2971.0
3014.0
2979.0
3005.0
3036.0
3041.0
3113.0
3099.0
3156.0
3147.0
3177.0
3171.0
3150.0
3194.0
3244.0
3209.0
3142.0
3209.0
3252.0
3198.0
3241.0
3281.0
3273.0
3303.0
3323.0
3323.0
3334.0
3334.0
3376.0
3374.0
3336.0
3309.0
3385.0
3388.0
3410.0
3367.0
3410.0
3418.0
3424.0
3474.0
3502.0
3427.0
3481.0
3471.0
3472.0
3471.0
3459.0
3515.0
3498.0
3523.0
3513.0
3486.0
3537.0
3543.0
3492.0
3470.0
3479.0
3475.0
3514.0
3487.0
3497.0
3521.0
3530.0
3478.0
3472.0
3502.0
3498.0
3505.0
3524.0
3460.0
3491.0
3457.0
