1105.0
861.0
533.0
312.0
231.0
200.0
193.0
197.0
209.0
232.0
254.0
283.0
326.0
381.0
426.0
487.0
545.0
607.0
677.0
748.0
826.0
894.0
939.0
1018.0
1069.0
1123.0
1200.0
1246.0
1324.0
1373.0
1471.0
1528.0
1595.0
1692.0
1711.0
1772.0
1895.0
1981.0
2047.0
2121.0
2218.0
2260.0
2286.0
2376.0
2468.0
2491.0
2509.0
2555.0
2546.0
2570.0
2625.0
2621.0
2663.0
2669.0
2670.0
2683.0
2720.0
2732.0
2734.0
2754.0
2830.0
2870.0
2893.0
2932.0
2956.0
2990.0
3007.0
3019.0
3020.0
3046.0
3073.0
3117.0
3091.0
3099.0
3082.0
3070.0
3147.0
3164.0
3163.0
3195.0
3187.0
3258.0
3307.0
3330.0
3303.0
3287.0
3299.0
3338.0
3287.0
3281.0
3278.0
3340.0
3344.0
3327.0
3373.0
3367.0
3406.0
3421.0
3406.0
3395.0
3478.0
3456.0
3467.0
3449.0
3476.0
3411.0
3494.0
3463.0
3473.0
3478.0
3542.0
3550.0
3492.0
3434.0
3416.0
3480.0
3428.0
3436.0
3405.0
3477.0
3462.0
3492.0
3485.0
3482.0
3476.0
3478.0
3486.0
3451.0
3419.0
