1119.0
887.0
546.0
336.0
212.0
193.0
196.0
197.0
204.0
230.0
256.0
276.0
305.0
359.0
392.0
457.0
506.0
558.0
629.0
694.0
787.0
896.0
949.0
1060.0
1167.0
1266.0
1378.0
1494.0
1550.0
1697.0
1752.0
1823.0
1948.0
2021.0
2032.0
2116.0
2148.0
2220.0
2257.0
2338.0
2329.0
2372.0
2355.0
2409.0
2406.0
2463.0
2438.0
2490.0
2507.0
2543.0
2566.0
2579.0
2636.0
2617.0
2647.0
2660.0
2693.0
2676.0
2702.0
2725.0
2708.0
2716.0
2754.0
2725.0
2717.0
2728.0
2738.0
2772.0
2851.0
2872.0
2861.0
2867.0
2858.0
2862.0
2895.0
2932.0
2936.0
2950.0
2986.0
2976.0
2990.0
3000.0
3053.0
3069.0
3085.0
3076.0
3111.0
3145.0
3197.0
3208.0
3220.0
3263.0
3228.0
3221.0
3256.0
3293.0
3244.0
3246.0
3265.0
3291.0
3255.0
3294.0
3377.0
3402.0
3403.0
3417.0
3414.0
3399.0
3390.0
3360.0
3442.0
3452.0
