243.0
190.0
110.0
80.0
57.0
59.0
57.0
52.0
65.0
66.0
69.0
68.0
77.0
88.0
90.0
94.0
102.0
112.0
120.0
128.0
125.0
137.0
148.0
165.0
167.0
178.0
189.0
203.0
223.0
243.0
255.0
276.0
289.0
292.0
325.0
355.0
370.0
406.0
421.0
446.0
470.0
492.0
523.0
566.0
589.0
620.0
662.0
689.0
703.0
746.0
757.0
784.0
812.0
853.0
867.0
885.0
910.0
949.0
975.0
974.0
984.0
1009.0
1018.0
1018.0
1061.0
1056.0
1097.0
1145.0
1188.0
1185.0
1205.0
1220.0
1246.0
1285.0
1316.0
1356.0
1391.0
1416.0
1442.0
1484.0
1513.0
1534.0
1540.0
1569.0
1634.0
1658.0
1715.0
1764.0
1792.0
1804.0
1807.0
1823.0
1824.0
1869.0
1907.0
1945.0
1958.0
2011.0
2036.0
2039.0
2043.0
2075.0
2101.0
2166.0
2167.0
2188.0
2235.0
2262.0
2305.0
2297.0
2315.0
2315.0
2305.0
2232.0
2299.0
2333.0
2339.0
2352.0
2350.0
2373.0
2435.0
2335.0
2412.0
2426.0
2477.0
2500.0
2490.0
2488.0
2495.0
2466.0
2504.0
2491.0
2542.0
2580.0
2563.0
2591.0
2592.0
2607.0
2643.0
2605.0
2604.0
2613.0
2588.0
2596.0
2546.0
2597.0
2581.0
2621.0
2682.0
2669.0
2701.0
2713.0
2718.0
2777.0
2850.0
2781.0
2741.0
2767.0
2750.0
2756.0
2753.0
2718.0
2715.0
2694.0
2697.0
