1122
858
519
316
227
206
224
218
216
240
252
279
290
319
344
358
396
427
478
512
557
611
676
708
788
843
914
959
1007
1069
1104
1167
1213
1252
1280
1338
1413
1506
1563
1639
1714
1775
1822
1915
1979
2039
2061
2125
2188
2249
2300
2325
2367
2405
2456
2541
2571
2584
2654
2663
2691
2715
2778
2770
2790
2803
2780
2787
2803
2820
2782
2836
2781
2821
2867
2835
2857
2870
2860
2863
2919
2869
2873
2894
2926
2943
2952
2970
2946
2953
2970
2971
2973
2972
2988
3036
3058
3032
3037
3036
3037
3052
3093
3106
3134
3105
3098
3103
3168
3151
3157
3104
3135
3154
3184
3166
3104
3126
3151
3173
3173
3179
3172
3151
3184
3143
3173
3204
3258
3246
3210
3251
3239
3235
3225
3198
3206
3217
3202
3205
3179
3190
3236
3234
3209
3209
3197
3251
3225
3234
3285
3277
3235
3232
3233
3202
3232
3248
3282
3286
3295
3281
3287
3294
3263
3250
3290
3255
3307
3290
3329
3305
3285
3274
3246
3270
3240
3253
3241
3232
3275
3310
3296
3337
3312
3315
3332
3323
3341
3333
3289
3285
3276
3273
3279
3250
3268
3227
3260
3286
3304
3280
3301
3318
3297
3271
3307
3276
3238
3245
3225
3246
3267
3278
3280
3258
3268
