49.0
51.0
93.0
120.0
168.0
237.0
351.0
445.0
536.0
659.0
786.0
934.0
937.0
998.0
987.0
1001.0
1017.0
1035.0
1033.0
1046.0
1081.0
1091.0
1106.0
1062.0
1076.0
1088.0
1044.0
1128.0
1185.0
1128.0
1101.0
1162.0
1126.0
1139.0
1071.0
1116.0
1125.0
1105.0
1090.0
1143.0
1148.0
1114.0
1176.0
1046.0
1110.0
1077.0
1086.0
1033.0
1053.0
1070.0
1093.0
1049.0
1004.0
1056.0
1105.0
1023.0
1086.0
1021.0
1036.0
1075.0
1137.0
1119.0
1074.0
1058.0
1046.0
1049.0
1063.0
1026.0
1021.0
1018.0
1031.0
1091.0
1070.0
1044.0
1039.0
1086.0
1123.0
1088.0
1109.0
1099.0
1115.0
1068.0
1053.0
1076.0
1035.0
1069.0
1064.0
1060.0
1107.0
1082.0
1011.0
1057.0
1134.0
1076.0
1093.0
1061.0
1030.0
1059.0
1048.0
1089.0
1117.0
1103.0
1114.0
1128.0
1068.0
1153.0
1133.0
1150.0
1126.0
1110.0
1050.0
1004.0
1030.0
1135.0
1077.0
1065.0
1095.0
1086.0
1154.0
1097.0
1102.0
1132.0
1128.0
1125.0
1119.0
1094.0
1115.0
1087.0
1104.0
1097.0
1030.0
1078.0
1073.0
1073.0
1102.0
1077.0
1046.0
1094.0
1102.0
1074.0
1107.0
1048.0
1033.0
1068.0
1102.0
1092.0
1044.0
1061.0
1067.0
1080.0
1011.0
1041.0
1062.0
1045.0
1064.0
1031.0
1042.0
1020.0
995.0
993.0
985.0
1049.0
1018.0
996.0
1030.0
1044.0
969.0
993.0
1007.0
1049.0
1050.0
1065.0
1110.0
1137.0
1011.0
1071.0
1073.0
1069.0
1134.0
1093.0
1124.0
1115.0
1070.0
1114.0
1091.0
1107.0
1052.0
1055.0
1105.0
1109.0
1109.0
1059.0
1084.0
1115.0
1112.0
1131.0
1086.0
1122.0
1081.0
1035.0
1039.0
1012.0
1090.0
1084.0
1065.0
1002.0
1083.0
1091.0
1149.0
1110.0
1229.0
1101.0
1150.0
1146.0
1139.0
1121.0
1068.0
1078.0
1058.0
1081.0
1092.0
1117.0
1045.0
1079.0
1098.0
1054.0
1027.0
1073.0
1090.0
1123.0
1104.0
1128.0
1145.0
1102.0
1084.0
1140.0
1120.0
1114.0
1150.0
1174.0
1105.0
1093.0
1091.0
1019.0
1014.0
1090.0
1105.0
1114.0
1099.0
1129.0
1033.0
1085.0
1069.0
1067.0
1136.0
1127.0
1073.0
1046.0
1092.0
1101.0
1126.0
1069.0
1033.0
1084.0
1128.0
1042.0
1078.0
1057.0
1118.0
1138.0
1063.0
1123.0
1111.0
1078.0
1119.0
1075.0
1108.0
1113.0
1130.0
1153.0
1102.0
1120.0
1146.0
1098.0
1040.0
1145.0
