38.0
16.0
13.0
16.0
13.0
12.0
20.0
13.0
12.0
10.0
10.0
19.0
28.0
29.0
34.0
27.0
19.0
19.0
24.0
27.0
33.0
20.0
19.0
23.0
30.0
19.0
19.0
17.0
20.0
21.0
20.0
17.0
15.0
21.0
20.0
20.0
29.0
35.0
35.0
50.0
45.0
43.0
48.0
47.0
50.0
48.0
63.0
62.0
70.0
64.0
58.0
62.0
75.0
87.0
87.0
102.0
104.0
92.0
108.0
108.0
114.0
104.0
108.0
118.0
114.0
109.0
109.0
96.0
117.0
122.0
110.0
104.0
94.0
86.0
81.0
79.0
66.0
49.0
55.0
53.0
42.0
34.0
38.0
39.0
44.0
54.0
55.0
42.0
37.0
39.0
28.0
24.0
28.0
36.0
36.0
36.0
41.0
42.0
38.0
42.0
47.0
45.0
39.0
42.0
48.0
53.0
47.0
51.0
56.0
57.0
49.0
63.0
59.0
53.0
59.0
68.0
56.0
60.0
55.0
51.0
58.0
56.0
63.0
78.0
77.0
72.0
76.0
68.0
61.0
69.0
62.0
57.0
60.0
58.0
60.0
64.0
71.0
58.0
59.0
55.0
68.0
66.0
70.0
81.0
84.0
80.0
80.0
72.0
51.0
67.0
64.0
75.0
83.0
69.0
65.0
65.0
63.0
64.0
60.0
59.0
54.0
52.0
52.0
55.0
51.0
64.0
49.0
46.0
48.0
55.0
52.0
52.0
45.0
53.0
59.0
66.0
67.0
77.0
74.0
83.0
79.0
71.0
75.0
72.0
85.0
72.0
86.0
77.0
75.0
84.0
99.0
90.0
80.0
68.0
65.0
61.0
50.0
48.0
57.0
55.0
48.0
55.0
47.0
51.0
53.0
50.0
32.0
36.0
43.0
42.0
38.0
43.0
46.0
51.0
66.0
67.0
54.0
50.0
55.0
62.0
56.0
54.0
65.0
43.0
39.0
52.0
43.0
41.0
47.0
50.0
47.0
50.0
44.0
52.0
50.0
53.0
46.0
52.0
57.0
54.0
55.0
50.0
45.0
41.0
39.0
37.0
39.0
42.0
45.0
40.0
54.0
57.0
53.0
62.0
55.0
54.0
47.0
44.0
37.0
39.0
46.0
49.0
57.0
56.0
55.0
48.0
61.0
55.0
55.0
75.0
81.0
70.0
74.0
75.0
71.0
81.0
81.0
91.0
90.0
85.0
80.0
73.0
84.0
79.0
83.0
94.0
89.0
98.0
91.0
91.0
90.0
96.0
107.0
109.0
116.0
119.0
133.0
130.0
118.0
106.0
119.0
110.0
103.0
94.0
96.0
95.0
118.0
115.0
109.0
108.0
117.0
98.0
99.0
108.0
100.0
92.0
102.0
92.0
90.0
97.0
95.0
103.0
104.0
98.0
89.0
89.0
94.0
88.0
85.0
83.0
85.0
85.0
93.0
95.0
95.0
93.0
107.0
93.0
95.0
89.0
98.0
87.0
111.0
102.0
89.0
88.0
68.0
66.0
56.0
53.0
66.0
61.0
60.0
65.0
56.0
65.0
80.0
68.0
72.0
70.0
64.0
65.0
71.0
69.0
75.0
79.0
65.0
78.0
68.0
81.0
74.0
80.0
80.0
77.0
69.0
75.0
84.0
75.0
72.0
70.0
67.0
60.0
64.0
53.0
47.0
44.0
44.0
48.0
46.0
49.0
48.0
42.0
42.0
42.0
53.0
50.0
50.0
48.0
41.0
47.0
46.0
44.0
48.0
45.0
53.0
36.0
32.0
39.0
41.0
47.0
42.0
46.0
52.0
43.0
44.0
47.0
41.0
40.0
36.0
44.0
46.0
56.0
56.0
52.0
48.0
47.0
51.0
54.0
57.0
64.0
67.0
70.0
68.0
55.0
54.0
45.0
52.0
54.0
44.0
51.0
51.0
50.0
53.0
52.0
54.0
55.0
46.0
53.0
51.0
57.0
69.0
68.0
61.0
68.0
63.0
72.0
71.0
72.0
77.0
70.0
59.0
70.0
82.0
70.0
82.0
64.0
68.0
72.0
66.0
69.0
62.0
70.0
69.0
71.0
63.0
64.0
60.0
69.0
64.0
55.0
76.0
68.0
68.0
69.0
57.0
63.0
61.0
67.0
74.0
89.0
81.0
82.0
82.0
82.0
76.0
73.0
71.0
73.0
69.0
68.0
