1113.0
853.0
520.0
269.0
154.0
118.0
101.0
94.0
83.0
76.0
77.0
69.0
62.0
71.0
58.0
53.0
51.0
51.0
47.0
42.0
42.0
44.0
40.0
38.0
38.0
41.0
40.0
38.0
35.0
36.0
36.0
37.0
34.0
32.0
32.0
32.0
32.0
31.0
30.0
29.0
28.0
29.0
28.0
28.0
27.0
26.0
26.0
26.0
26.0
26.0
26.0
26.0
27.0
27.0
27.0
27.0
27.0
27.0
28.0
26.0
27.0
26.0
25.0
25.0
25.0
25.0
25.0
25.0
25.0
25.0
25.0
25.0
25.0
25.0
25.0
25.0
25.0
25.0
25.0
25.0
25.0
25.0
25.0
25.0
25.0
25.0
25.0
25.0
25.0
25.0
25.0
25.0
25.0
25.0
25.0
25.0
25.0
25.0
25.0
25.0
24.0
24.0
24.0
24.0
24.0
24.0
24.0
