336 1 1 5 336 -2 1 5 336 2 1 10 0 3 -3 19 336 -3 2 8 0 2 2 31 0 3 3 22 0 -1 -1 51 0 -3 -3 32 0 -3 -2 19 336 -3 -2 5 0 2 -3 22 0 2 -2 60 340 2 -1 5 0 -3 3 21 0 2 3 39 0 1 2 24 0 -2 -2 24 0 1 1 19 0 3 -1 22 137 1 2 8 0 2 -1 21 0 2 1 17 137 3 -3 6 19 1 -2 5 0 -2 3 18 0 -1 2 6 38 -2 -3 3 38 -1 2 4 0 1 -1 13 19 -2 -3 4 0 1 -2 20 0 3 1 19 0 -1 3 12 0 -3 1 19 0 -1 1 20 0 -2 1 32 205 3 -1 5 38 -2 2 7 0 -2 -1 12 76 1 -1 2 0 -2 2 9 0 -2 -3 9 0 -3 -1 6 137 1 -3 7 38 -1 -1 8 19 3 3 3 76 2 2 3 38 -2 1 3 137 -1 -1 5 137 2 -1 13 38 -1 1 8 34 -1 -1 3 0 3 -2 5 205 1 -1 3 416 -2 1 3 19 -1 -3 3 416 3 -1 2 205 -3 -3 2 76 -1 2 2 137 3 1 3 416 -3 -3 2 19 3 -2 1 137 -3 2 1 422 -1 2 1 76 3 -2 1 340 3 -3 1 38 2 3 1 
336 1 1 7 336 2 -1 5 0 3 -3 37 496 -1 -3 6 0 2 2 58 0 3 3 42 336 -1 -1 4 0 -1 -1 103 0 -3 -3 58 0 -3 -2 40 336 -3 -2 8 336 2 3 5 0 2 -3 36 0 2 -2 112 340 2 -1 10 0 2 3 76 0 1 2 58 0 1 1 45 0 3 -1 41 137 1 2 15 137 2 1 11 38 -3 2 17 0 2 -1 49 0 2 1 34 0 -2 3 38 38 2 -3 12 0 -1 2 18 38 -1 2 9 0 1 -1 28 19 -2 -3 7 0 1 -2 38 0 3 1 39 0 -1 3 26 0 -3 1 47 0 -1 1 49 0 -2 1 71 205 3 -1 10 0 -2 -1 26 0 -2 2 19 0 3 2 23 0 -2 -3 16 0 -3 -1 11 336 -2 -1 7 137 1 -3 16 38 -1 -1 15 416 2 1 9 76 2 2 7 137 -2 -2 3 416 -2 3 9 416 -3 3 7 137 2 -1 24 38 -1 1 18 76 -3 2 6 76 -1 2 3 137 3 1 10 76 -1 -2 6 76 1 3 9 416 -3 -3 7 416 1 -2 4 137 -3 2 7 76 3 -2 6 76 -2 1 5 338 -2 3 3 110 3 -1 2 76 3 -3 1 422 -1 -1 1 
336 -3 1 25 0 -1 -1 148 0 -3 -2 47 336 -3 -2 13 0 2 -3 46 0 2 -2 155 340 2 -1 15 0 2 3 88 0 1 2 84 0 -2 -2 43 0 1 1 68 0 3 -1 56 38 3 1 12 137 2 1 17 0 2 -1 81 0 2 1 49 0 -1 2 32 38 -1 2 14 0 1 -1 46 0 1 -2 52 0 -1 1 74 0 -2 1 94 0 3 2 33 0 -2 -3 25 137 2 -3 3 0 -1 -2 21 137 -1 1 11 76 2 2 10 38 1 -2 20 38 -2 1 8 38 -1 1 28 416 -3 2 6 38 -1 -2 9 416 -2 1 10 19 -1 -3 12 76 1 3 14 76 -2 1 10 155 -2 2 4 110 3 -1 7 339 -2 -3 2 348 3 2 1 
336 2 1 20 336 -3 2 30 0 -1 -1 184 0 -3 -3 60 336 -3 -2 18 0 2 -2 172 0 2 3 97 0 1 1 82 0 3 -1 66 38 3 1 15 0 2 1 61 0 1 -1 67 0 1 -2 70 76 3 -1 7 0 -1 1 93 0 -3 2 15 76 1 -1 11 0 3 2 38 137 2 -3 8 137 1 -3 22 416 2 1 24 137 2 -1 33 38 -1 1 38 76 -1 1 22 340 3 -1 6 19 3 1 6 76 3 3 8 110 3 -1 12 348 3 2 3 280 2 1 4 
336 2 -1 9 336 -3 -3 14 336 2 1 23 0 3 -3 60 336 -3 2 36 0 -1 -1 215 0 -3 -3 66 336 -3 -2 23 0 2 -2 180 0 2 3 103 0 -2 -2 49 0 1 1 92 38 3 1 19 0 2 1 75 0 1 -2 80 0 3 2 43 137 2 -3 13 38 -1 -1 29 416 -3 3 17 38 -1 1 46 416 -3 2 12 416 -3 1 18 19 3 1 10 110 3 -1 17 38 3 -1 2 348 3 2 5 17 -1 -3 7 
0 -3 -2 65 336 -3 -2 28 0 2 -2 184 0 3 -1 77 0 -1 2 52 0 1 -1 92 38 1 -1 15 0 3 2 48 137 2 -3 18 38 -1 -1 33 137 -1 1 27 416 2 1 33 38 1 -2 31 38 -1 1 49 19 -1 -3 17 76 3 3 13 110 3 -1 22 348 3 2 7 55 -1 1 4 
336 -3 2 47 0 -3 -2 69 336 -3 -2 33 0 2 3 116 0 -1 2 65 0 -2 -3 48 416 -1 1 10 0 -1 -3 19 137 2 -1 43 416 -1 -3 8 416 -3 2 17 76 -1 1 29 137 -2 -3 4 76 1 3 20 76 2 3 3 416 -1 -1 4 340 2 1 6 280 2 1 14 
336 1 -2 4 336 -2 -3 12 0 3 -3 77 0 2 -2 197 0 2 3 119 0 -2 -2 54 0 -1 2 78 416 -3 3 27 416 -1 -3 13 340 3 -1 11 19 3 1 14 336 -1 1 2 340 -1 3 5 76 2 -3 7 76 -2 -2 9 17 -1 -3 17 496 -3 2 1 
336 1 -2 9 336 1 1 26 0 -1 2 92 0 1 -1 105 0 3 2 58 0 -2 -3 56 38 -1 -1 44 0 -1 -3 24 137 -1 1 38 38 1 -2 41 416 -1 -3 18 336 -1 1 7 55 -1 1 9 19 -1 2 9 
336 1 -2 14 336 1 1 28 336 -2 1 9 336 -3 2 64 336 3 1 4 0 1 2 115 0 -2 3 40 0 -2 -3 63 416 -1 1 20 38 -1 -1 48 416 -3 2 24 76 -1 1 34 0 3 -2 28 416 -1 -1 14 280 2 1 24 
336 1 -2 20 336 3 1 9 0 -3 -3 71 0 1 2 134 0 -2 -2 59 38 3 1 38 38 -2 3 11 0 -2 3 48 0 1 -1 115 416 1 -2 15 76 2 -3 17 76 -2 -2 19 17 -1 -3 27 137 3 -2 4 
336 1 -2 25 336 3 1 14 38 3 1 41 0 -1 2 117 416 3 1 6 416 -3 2 29 416 -1 -1 20 339 -2 -3 12 55 -1 1 14 19 -1 2 19 
336 1 -2 30 336 3 1 19 38 3 1 44 0 1 -1 125 0 3 2 72 416 -1 1 30 76 -1 1 39 0 3 -2 38 76 3 3 28 280 2 1 34 
336 1 -2 35 336 -3 2 73 336 3 1 24 0 -2 -2 64 0 3 2 85 416 -1 -1 26 76 2 -3 27 38 1 2 3 17 -1 -3 37 422 2 -1 5 
336 1 -2 40 336 3 -2 42 0 -2 -2 69 38 -2 3 16 0 -1 2 133 0 3 2 89 416 -3 2 36 76 3 3 33 55 -1 1 19 19 -1 2 30 
336 1 -2 45 0 1 -1 138 416 -1 1 40 0 -1 -3 39 76 -1 1 44 416 3 -2 6 496 1 -1 6 76 -3 -3 2 280 2 1 44 
336 3 -2 47 0 2 2 81 0 -2 -2 74 38 -2 3 23 0 -2 2 44 416 -3 2 41 19 3 1 24 76 2 -3 37 17 -1 -3 47 
0 -1 2 143 0 1 -1 148 0 -1 -3 44 416 -3 3 31 76 -3 3 3 19 -1 -1 16 55 -1 1 24 19 -1 2 47 
336 3 -2 49 336 -3 2 84 416 -1 1 50 76 -1 1 49 416 3 -2 16 280 2 1 54 348 -3 -3 1 
0 -2 -2 79 38 -2 3 33 416 -2 3 32 416 1 -2 25 76 2 -3 47 17 -1 -3 57 348 -3 -3 6 
0 -1 2 153 19 -1 -1 26 339 -2 -3 22 55 -1 1 29 19 -1 2 57 
416 -1 1 60 76 -1 1 54 416 3 -2 26 76 3 3 48 280 2 1 64 
336 -3 2 93 0 -2 -2 84 76 2 -3 57 17 -1 -3 67 
0 -1 2 163 55 -1 1 34 19 -1 2 67 
416 -1 1 70 76 -1 1 59 280 2 1 74 
0 -2 -2 89 76 2 -3 67 17 -1 -3 77 
0 -1 2 173 55 -1 1 39 19 -1 2 77 
416 -1 1 80 76 -1 1 64 280 2 1 84 
0 -2 -2 94 76 2 -3 77 17 -1 -3 87 
0 -1 2 183 55 -1 1 44 19 -1 2 87 
416 -1 1 90 76 -1 1 69 280 2 1 94 
0 -2 -2 99 76 2 -3 87 17 -1 -3 97 
0 -1 2 193 55 -1 1 49 19 -1 2 97 
416 -1 1 100 76 -1 1 74 280 2 1 104 
0 -2 -2 104 76 2 -3 97 17 -1 -3 107 
0 -1 2 203 55 -1 1 54 19 -1 2 107 
416 -1 1 110 76 -1 1 79 280 2 1 114 
0 -2 -2 109 76 2 -3 107 17 -1 -3 117 
0 -1 2 213 55 -1 1 59 19 -1 2 117 
416 -1 1 120 76 -1 1 84 280 2 1 124 
0 -2 -2 114 76 2 -3 117 17 -1 -3 127 
0 -1 2 223 55 -1 1 64 19 -1 2 127 
416 -1 1 130 76 -1 1 89 280 2 1 134 
0 -2 -2 119 76 2 -3 127 17 -1 -3 137 
0 -1 2 233 55 -1 1 69 19 -1 2 137 
416 -1 1 140 76 -1 1 94 280 2 1 144 
0 -2 -2 124 76 2 -3 137 17 -1 -3 147 
0 -1 2 243 55 -1 1 74 19 -1 2 147 
416 -1 1 150 76 -1 1 99 280 2 1 154 
0 -2 -2 129 76 2 -3 147 17 -1 -3 157 
