1103.0
898.0
568.0
355.0
242.0
243.0
247.0
254.0
293.0
312.0
363.0
405.0
482.0
536.0
584.0
643.0
677.0
735.0
813.0
847.0
913.0
964.0
1012.0
1080.0
1155.0
1251.0
1310.0
1375.0
1420.0
1490.0
1551.0
1580.0
1659.0
1732.0
1817.0
1910.0
1961.0
2048.0
2117.0
2154.0
2176.0
2219.0
2239.0
2236.0
2255.0
2333.0
2375.0
2425.0
2473.0
2516.0
2545.0
2583.0
2584.0
2631.0
2683.0
2749.0
2813.0
2806.0
2775.0
2850.0
2871.0
2892.0
2939.0
3000.0
2991.0
2994.0
2987.0
3024.0
3028.0
3020.0
3022.0
3033.0
3082.0
3086.0
3129.0
3118.0
3123.0
3117.0
3108.0
3141.0
3180.0
3208.0
3197.0
3225.0
3266.0
3232.0
3193.0
3177.0
3224.0
3256.0
3265.0
3221.0
3205.0
3197.0
3179.0
3190.0
3215.0
3209.0
3232.0
3220.0
3235.0
3198.0
3257.0
3204.0
3227.0
3239.0
3290.0
3273.0
3271.0
3224.0
3269.0
3236.0
3235.0
3256.0
3276.0
3215.0
3220.0
3229.0
3223.0
3252.0
3274.0
3237.0
3254.0
3276.0
3263.0
3269.0
3320.0
3309.0
3306.0
3277.0
3282.0
3276.0
3228.0
3284.0
3315.0
3315.0
3303.0
3301.0
3258.0
3190.0
3214.0
3209.0
3224.0
3246.0
3212.0
3166.0
3220.0
3193.0
3209.0
3222.0
3204.0
3204.0
3174.0
3228.0
3217.0
3219.0
3226.0
3228.0
3207.0
3186.0
3215.0
3235.0
3216.0
3246.0
3231.0
3191.0
3213.0
3183.0
3146.0
3161.0
3170.0
3201.0
3208.0
3214.0
3223.0
3164.0
3165.0
3131.0
3170.0
3192.0
3229.0
3177.0
3204.0
3198.0
3191.0
3200.0
3181.0
3204.0
3153.0
3144.0
3160.0
3154.0
3194.0
3201.0
3225.0
3199.0
3244.0
3230.0
3191.0
3191.0
3212.0
3179.0
3191.0
3204.0
3174.0
3208.0
3246.0
3187.0
3166.0
3169.0
3189.0
3152.0
3159.0
3153.0
3171.0
3147.0
3220.0
3199.0
3206.0
3201.0
3170.0
3191.0
3196.0
3152.0
3158.0
3199.0
3206.0
3170.0
3164.0
3106.0
3148.0
3129.0
3140.0
3179.0
3197.0
3173.0
3177.0
3176.0
3178.0
3150.0
3135.0
3188.0
3185.0
3207.0
3168.0
3150.0
3143.0
3144.0
3190.0
3194.0
3175.0
3168.0
3180.0
3178.0
3174.0
3196.0
3162.0
3190.0
3196.0
3174.0
3197.0
3184.0
3230.0
3215.0
3231.0
3202.0
3237.0
3212.0
3236.0
3215.0
3182.0
3228.0
3268.0
3200.0
3215.0
3180.0
3169.0
3214.0
3235.0
3270.0
3222.0
3185.0
3155.0
3227.0
3301.0
3271.0
3234.0
3202.0
3207.0
3203.0
3207.0
3205.0
3216.0
3214.0
3184.0
3227.0
3245.0
3243.0
3231.0
3254.0
3246.0
3274.0
3209.0
3203.0
3215.0
3223.0
3221.0
3251.0
3231.0
3197.0
3209.0
3257.0
3237.0
3248.0
3236.0
3273.0
3238.0
3224.0
3228.0
3179.0
3201.0
3239.0
3220.0
3228.0
3270.0
3270.0
3212.0
3193.0
3234.0
3240.0
3207.0
3204.0
3217.0
3221.0
3243.0
3212.0
3245.0
3232.0
3226.0
3244.0
3235.0
3239.0
3201.0
3222.0
3260.0
3227.0
3217.0
3220.0
3235.0
3229.0
3234.0
3256.0
3278.0
3257.0
3235.0
3279.0
3255.0
3265.0
3234.0
3252.0
3245.0
3223.0
3227.0
3247.0
3263.0
3252.0
3250.0
3223.0
3233.0
3217.0
3217.0
3266.0
3251.0
3243.0
3218.0
3252.0
3280.0
3249.0
3253.0
3278.0
3247.0
3246.0
3251.0
3274.0
3283.0
3265.0
3244.0
3305.0
3299.0
3295.0
3240.0
3287.0
3302.0
3320.0
3261.0
3271.0
3275.0
3262.0
3257.0
3291.0
3303.0
3318.0
3278.0
3303.0
3348.0
3344.0
3314.0
3302.0
3265.0
3246.0
3258.0
3272.0
3294.0
3293.0
3262.0
3288.0
3332.0
3285.0
3285.0
3294.0
3301.0
3325.0
3347.0
3310.0
3323.0
3343.0
3323.0
3291.0
3319.0
3291.0
3339.0
3332.0
3352.0
3323.0
3313.0
3338.0
3356.0
3347.0
3346.0
3337.0
3360.0
3370.0
3336.0
3323.0
3335.0
3350.0
3398.0
3355.0
3369.0
3335.0
3393.0
3411.0
3350.0
3392.0
3341.0
3333.0
3292.0
3312.0
3366.0
3333.0
3324.0
3351.0
3338.0
3374.0
3341.0
3326.0
3382.0
3389.0
