1105.0
869.0
486.0
297.0
201.0
186.0
193.0
201.0
208.0
228.0
243.0
271.0
300.0
320.0
363.0
395.0
444.0
467.0
528.0
595.0
639.0
694.0
755.0
805.0
855.0
921.0
955.0
1016.0
1080.0
1112.0
1161.0
1167.0
1202.0
1251.0
1304.0
1381.0
1408.0
1454.0
1529.0
1556.0
1634.0
1677.0
1674.0
1766.0
1809.0
1891.0
1976.0
2039.0
2064.0
2088.0
2165.0
2183.0
2213.0
2325.0
2339.0
2334.0
2390.0
2398.0
2442.0
2437.0
2485.0
2501.0
2494.0
2557.0
2577.0
2588.0
2577.0
2610.0
2674.0
2698.0
2727.0
2776.0
2734.0
2726.0
2772.0
2795.0
2736.0
2779.0
2775.0
2772.0
2817.0
2791.0
2817.0
2793.0
2775.0
2789.0
2802.0
2794.0
2813.0
2810.0
2805.0
2843.0
2863.0
2856.0
2899.0
2893.0
2914.0
2900.0
2908.0
2898.0
2937.0
2913.0
2934.0
2933.0
2946.0
2966.0
2933.0
2945.0
2961.0
2926.0
2932.0
2943.0
2964.0
3032.0
3035.0
3027.0
3054.0
3087.0
3125.0
3178.0
3230.0
3209.0
3203.0
3201.0
3259.0
3258.0
3256.0
3304.0
3326.0
3354.0
3310.0
3363.0
3345.0
3359.0
3412.0
3359.0
3347.0
3329.0
3363.0
3376.0
3378.0
3384.0
3327.0
3367.0
3397.0
3376.0
3405.0
3416.0
3427.0
3406.0
3408.0
3464.0
3471.0
3464.0
3430.0
3463.0
3492.0
3471.0
3474.0
3505.0
3517.0
3517.0
3454.0
3433.0
3482.0
3456.0
3510.0
3540.0
3501.0
3455.0
3490.0
3521.0
3537.0
3544.0
3559.0
3575.0
3540.0
3549.0
3533.0
3545.0
3501.0
3524.0
3483.0
3508.0
3558.0
3567.0
3563.0
3579.0
3592.0
3627.0
3636.0
3625.0
3625.0
3628.0
3687.0
