1105.0
848.0
482.0
266.0
163.0
152.0
151.0
166.0
171.0
192.0
212.0
245.0
272.0
302.0
341.0
376.0
411.0
440.0
494.0
537.0
607.0
683.0
739.0
851.0
914.0
973.0
1033.0
1104.0
1158.0
1269.0
1334.0
1430.0
1517.0
1558.0
1669.0
1719.0
1814.0
1883.0
1962.0
2072.0
2112.0
2134.0
2214.0
2313.0
2366.0
2430.0
2499.0
2559.0
2607.0
2633.0
2704.0
2743.0
2818.0
2873.0
2879.0
2898.0
2906.0
2960.0
2944.0
3003.0
3043.0
3065.0
3026.0
3081.0
3107.0
3099.0
3092.0
3104.0
3148.0
3103.0
3131.0
3143.0
3165.0
3161.0
3198.0
3149.0
3172.0
3161.0
3214.0
3215.0
3165.0
3164.0
3164.0
3217.0
3217.0
3282.0
3271.0
3235.0
3261.0
3224.0
3232.0
3250.0
3254.0
3282.0
3326.0
3331.0
3289.0
3309.0
3337.0
3370.0
3360.0
3337.0
3353.0
3360.0
3391.0
3400.0
3387.0
3411.0
3425.0
3437.0
3423.0
3435.0
3393.0
3439.0
3416.0
3479.0
3542.0
3550.0
3553.0
3545.0
3555.0
3558.0
3492.0
3470.0
3553.0
3538.0
3583.0
3587.0
3556.0
3583.0
3597.0
3603.0
3635.0
3621.0
3659.0
3661.0
3637.0
3642.0
3653.0
3660.0
3686.0
3707.0
3727.0
3697.0
3716.0
3719.0
3745.0
3686.0
3702.0
3740.0
3724.0
3710.0
3703.0
3714.0
3766.0
3785.0
3845.0
3847.0
3814.0
3746.0
3787.0
3774.0
3800.0
3806.0
3859.0
3838.0
3816.0
3833.0
3821.0
3801.0
3816.0
3806.0
3846.0
3850.0
3841.0
3768.0
3749.0
3759.0
3795.0
3791.0
3784.0
3823.0
3794.0
3821.0
3783.0
3741.0
3744.0
3734.0
3732.0
3784.0
3757.0
3807.0
3785.0
3781.0
3853.0
3797.0
3785.0
3788.0
3753.0
3771.0
3726.0
3779.0
3785.0
3791.0
3751.0
3769.0
3779.0
3755.0
3771.0
3697.0
3703.0
3687.0
3663.0
3718.0
3729.0
3736.0
3728.0
3736.0
3698.0
3714.0
3716.0
3657.0
3663.0
3734.0
3723.0
3727.0
3768.0
3705.0
3746.0
3771.0
3855.0
3765.0
3742.0
3747.0
3764.0
3755.0
3783.0
3746.0
3724.0
3764.0
3775.0
3765.0
3762.0
3769.0
3740.0
3697.0
3725.0
3757.0
3787.0
3734.0
3734.0
3761.0
3760.0
3786.0
3759.0
3778.0
3781.0
3762.0
3777.0
3791.0
3790.0
3691.0
3691.0
3708.0
3725.0
3747.0
3738.0
3748.0
3747.0
3751.0
3739.0
3702.0
3728.0
3747.0
3759.0
3730.0
3651.0
3679.0
3659.0
3667.0
3712.0
3665.0
3684.0
3684.0
3664.0
3671.0
3664.0
3677.0
3666.0
3702.0
3647.0
3629.0
3619.0
3642.0
3644.0
3640.0
3614.0
3644.0
3632.0
3637.0
3692.0
3716.0
3677.0
3687.0
3610.0
3613.0
3578.0
3604.0
3613.0
3609.0
3640.0
3632.0
3600.0
3591.0
3596.0
3596.0
3585.0
3611.0
3601.0
3587.0
3559.0
3532.0
3561.0
3614.0
3572.0
3541.0
3568.0
3567.0
3548.0
3570.0
3523.0
3546.0
3549.0
3553.0
3568.0
3559.0
3565.0
3578.0
3614.0
3596.0
3575.0
3527.0
3505.0
3512.0
3518.0
3574.0
3571.0
3601.0
3562.0
3593.0
3580.0
3585.0
3592.0
3562.0
3560.0
3555.0
3594.0
3632.0
3604.0
3596.0
3584.0
3605.0
3632.0
3607.0
3603.0
3613.0
3595.0
3602.0
3610.0
3586.0
3572.0
3559.0
3556.0
3558.0
3592.0
3617.0
3627.0
3641.0
3637.0
3600.0
3600.0
3627.0
3641.0
3643.0
3648.0
3657.0
3676.0
3661.0
3626.0
3619.0
3605.0
3655.0
3650.0
3661.0
3591.0
3613.0
3599.0
3585.0
3587.0
3631.0
3649.0
3637.0
3666.0
3670.0
3720.0
3725.0
3728.0
3668.0
3674.0
3683.0
3703.0
3699.0
3711.0
3670.0
3688.0
3673.0
3688.0
3684.0
3686.0
3695.0
3739.0
3768.0
3717.0
3723.0
3744.0
3708.0
3722.0
3762.0
3725.0
3696.0
3724.0
3749.0
3777.0
3714.0
3711.0
3748.0
3766.0
3794.0
3790.0
3815.0
3819.0
3789.0
3743.0
3775.0
3800.0
3758.0
3780.0
3800.0
3800.0
3764.0
3756.0
3751.0
3780.0
3785.0
3829.0
3808.0
3803.0
3797.0
3771.0
3774.0
3801.0
3789.0
3790.0
3805.0
3810.0
3753.0
3764.0
3832.0
3832.0
3742.0
3812.0
3835.0
3847.0
