893.0
174.0
25.0
16.0
13.0
14.0
14.0
12.0
12.0
13.0
15.0
13.0
12.0
12.0
12.0
11.0
10.0
9.0
10.0
9.0
9.0
12.0
10.0
10.0
10.0
12.0
14.0
13.0
11.0
10.0
11.0
14.0
11.0
10.0
11.0
11.0
11.0
9.0
9.0
11.0
10.0
10.0
9.0
10.0
12.0
9.0
11.0
11.0
11.0
13.0
10.0
12.0
11.0
11.0
15.0
12.0
11.0
11.0
11.0
12.0
12.0
13.0
10.0
11.0
12.0
13.0
11.0
11.0
12.0
14.0
13.0
14.0
15.0
15.0
17.0
18.0
17.0
18.0
16.0
19.0
17.0
21.0
18.0
18.0
20.0
18.0
22.0
17.0
17.0
18.0
19.0
19.0
22.0
22.0
23.0
19.0
17.0
19.0
20.0
20.0
20.0
19.0
20.0
19.0
20.0
16.0
19.0
20.0
18.0
20.0
17.0
17.0
16.0
18.0
19.0
18.0
19.0
20.0
20.0
20.0
19.0
17.0
17.0
17.0
17.0
16.0
16.0
19.0
20.0
19.0
16.0
19.0
19.0
19.0
18.0
21.0
22.0
20.0
19.0
21.0
22.0
23.0
23.0
21.0
21.0
21.0
20.0
23.0
22.0
21.0
22.0
21.0
23.0
21.0
21.0
21.0
22.0
20.0
20.0
22.0
22.0
20.0
21.0
21.0
23.0
22.0
20.0
23.0
23.0
24.0
26.0
25.0
24.0
25.0
25.0
25.0
25.0
26.0
25.0
26.0
25.0
24.0
24.0
27.0
28.0
26.0
25.0
27.0
27.0
30.0
28.0
27.0
28.0
28.0
32.0
32.0
30.0
35.0
37.0
37.0
39.0
34.0
39.0
43.0
44.0
46.0
44.0
53.0
51.0
50.0
50.0
46.0
53.0
53.0
50.0
58.0
55.0
66.0
61.0
60.0
64.0
62.0
67.0
69.0
67.0
69.0
70.0
74.0
81.0
73.0
68.0
74.0
77.0
78.0
75.0
72.0
76.0
76.0
77.0
73.0
70.0
74.0
75.0
81.0
73.0
79.0
80.0
81.0
85.0
79.0
83.0
86.0
88.0
92.0
83.0
91.0
93.0
91.0
96.0
90.0
98.0
98.0
104.0
111.0
100.0
103.0
104.0
105.0
119.0
106.0
103.0
101.0
110.0
118.0
113.0
106.0
106.0
114.0
127.0
116.0
124.0
125.0
125.0
132.0
128.0
131.0
134.0
129.0
141.0
136.0
144.0
135.0
139.0
153.0
148.0
150.0
162.0
158.0
167.0
164.0
163.0
177.0
172.0
175.0
172.0
172.0
180.0
180.0
176.0
178.0
184.0
185.0
195.0
192.0
187.0
192.0
194.0
192.0
198.0
196.0
195.0
200.0
199.0
213.0
207.0
216.0
215.0
213.0
217.0
215.0
218.0
210.0
210.0
223.0
220.0
230.0
221.0
220.0
220.0
221.0
228.0
227.0
231.0
227.0
233.0
249.0
251.0
253.0
241.0
244.0
260.0
265.0
262.0
254.0
282.0
273.0
282.0
292.0
290.0
310.0
302.0
309.0
320.0
319.0
322.0
327.0
327.0
326.0
338.0
341.0
353.0
345.0
344.0
362.0
352.0
343.0
355.0
360.0
373.0
370.0
377.0
359.0
378.0
372.0
366.0
370.0
372.0
380.0
380.0
377.0
396.0
383.0
383.0
391.0
384.0
400.0
399.0
397.0
402.0
417.0
410.0
407.0
414.0
423.0
426.0
442.0
430.0
434.0
441.0
451.0
466.0
450.0
454.0
448.0
462.0
471.0
480.0
475.0
471.0
478.0
485.0
474.0
476.0
486.0
484.0
498.0
483.0
478.0
475.0
479.0
486.0
475.0
474.0
480.0
476.0
512.0
507.0
505.0
510.0
512.0
518.0
537.0
522.0
530.0
521.0
538.0
530.0
546.0
537.0
546.0
554.0
546.0
557.0
555.0
575.0
575.0
570.0
573.0
569.0
567.0
578.0
576.0
569.0
580.0
571.0
581.0
585.0
608.0
592.0
603.0
620.0
622.0
625.0
620.0
632.0
646.0
652.0
662.0
662.0
661.0
684.0
693.0
695.0
689.0
685.0
704.0
691.0
699.0
694.0
699.0
704.0
712.0
709.0
723.0
731.0
740.0
746.0
748.0
745.0
737.0
740.0
727.0
737.0
740.0
741.0
746.0
739.0
761.0
744.0
750.0
762.0
764.0
771.0
752.0
765.0
777.0
775.0
781.0
780.0
784.0
804.0
794.0
802.0
788.0
801.0
795.0
783.0
804.0
773.0
772.0
769.0
775.0
780.0
785.0
783.0
776.0
767.0
778.0
767.0
775.0
776.0
782.0
766.0
770.0
769.0
775.0
787.0
777.0
766.0
768.0
784.0
789.0
760.0
779.0
766.0
786.0
778.0
770.0
766.0
764.0
771.0
777.0
768.0
786.0
778.0
779.0
796.0
794.0
788.0
787.0
776.0
792.0
780.0
786.0
769.0
764.0
770.0
757.0
779.0
772.0
781.0
795.0
779.0
793.0
785.0
767.0
778.0
769.0
778.0
788.0
781.0
791.0
788.0
789.0
789.0
773.0
787.0
801.0
811.0
805.0
795.0
803.0
811.0
811.0
791.0
788.0
797.0
772.0
785.0
796.0
792.0
798.0
787.0
778.0
804.0
790.0
778.0
780.0
795.0
805.0
770.0
796.0
794.0
803.0
801.0
787.0
794.0
795.0
794.0
776.0
782.0
788.0
796.0
775.0
790.0
794.0
811.0
802.0
789.0
801.0
778.0
805.0
791.0
802.0
811.0
811.0
799.0
815.0
806.0
818.0
805.0
805.0
816.0
811.0
826.0
821.0
810.0
817.0
822.0
817.0
818.0
827.0
811.0
827.0
824.0
808.0
811.0
822.0
818.0
829.0
819.0
805.0
817.0
805.0
814.0
813.0
824.0
830.0
804.0
803.0
809.0
829.0
791.0
806.0
809.0
815.0
810.0
815.0
814.0
830.0
817.0
827.0
843.0
865.0
860.0
847.0
869.0
861.0
855.0
864.0
860.0
852.0
849.0
818.0
826.0
837.0
831.0
840.0
837.0
842.0
852.0
851.0
841.0
856.0
851.0
834.0
837.0
854.0
837.0
860.0
841.0
862.0
868.0
834.0
841.0
828.0
834.0
830.0
821.0
834.0
808.0
822.0
817.0
809.0
831.0
821.0
813.0
829.0
817.0
808.0
830.0
802.0
805.0
817.0
791.0
824.0
824.0
809.0
845.0
808.0
837.0
846.0
828.0
848.0
846.0
831.0
844.0
817.0
856.0
838.0
832.0
829.0
816.0
839.0
822.0
828.0
826.0
812.0
805.0
812.0
812.0
834.0
828.0
828.0
836.0
857.0
844.0
850.0
866.0
849.0
846.0
845.0
841.0
854.0
843.0
849.0
841.0
845.0
848.0
832.0
823.0
830.0
848.0
861.0
853.0
863.0
846.0
868.0
868.0
870.0
859.0
847.0
832.0
844.0
857.0
854.0
856.0
837.0
841.0
854.0
847.0
862.0
839.0
834.0
838.0
837.0
835.0
851.0
833.0
833.0
816.0
815.0
825.0
826.0
849.0
855.0
823.0
836.0
840.0
843.0
839.0
836.0
847.0
854.0
863.0
850.0
841.0
859.0
855.0
854.0
861.0
865.0
883.0
883.0
873.0
879.0
869.0
875.0
883.0
866.0
869.0
879.0
867.0
850.0
862.0
865.0
873.0
854.0
847.0
852.0
863.0
883.0
874.0
868.0
863.0
867.0
875.0
881.0
882.0
883.0
882.0
868.0
868.0
861.0
854.0
875.0
859.0
862.0
853.0
862.0
862.0
871.0
869.0
880.0
878.0
866.0
854.0
859.0
852.0
863.0
858.0
857.0
862.0
879.0
862.0
870.0
869.0
875.0
895.0
907.0
893.0
884.0
886.0
883.0
877.0
903.0
866.0
871.0
876.0
878.0
893.0
889.0
878.0
856.0
873.0
872.0
876.0
858.0
868.0
854.0
874.0
889.0
876.0
881.0
852.0
861.0
866.0
865.0
876.0
862.0
863.0
867.0
874.0
867.0
871.0
874.0
848.0
857.0
854.0
855.0
849.0
845.0
840.0
825.0
831.0
844.0
826.0
825.0
828.0
831.0
847.0
821.0
829.0
844.0
843.0
862.0
829.0
830.0
847.0
858.0
872.0
836.0
818.0
847.0
827.0
877.0
852.0
846.0
888.0
848.0
871.0
860.0
869.0
894.0
876.0
877.0
873.0
868.0
880.0
873.0
876.0
868.0
857.0
866.0
865.0
860.0
858.0
858.0
854.0
854.0
859.0
860.0
863.0
859.0
878.0
858.0
883.0
865.0
866.0
869.0
857.0
864.0
874.0
858.0
874.0
859.0
865.0
888.0
860.0
876.0
868.0
878.0
878.0
880.0
878.0
881.0
876.0
865.0
872.0
862.0
872.0
863.0
885.0
894.0
893.0
888.0
905.0
902.0
892.0
893.0
883.0
898.0
873.0
876.0
898.0
891.0
911.0
887.0
888.0
897.0
872.0
885.0
886.0
870.0
855.0
882.0
871.0
858.0
850.0
847.0
863.0
870.0
849.0
847.0
848.0
870.0
894.0
894.0
892.0
881.0
899.0
879.0
894.0
875.0
879.0
878.0
857.0
894.0
872.0
900.0
900.0
872.0
888.0
881.0
901.0
904.0
881.0
884.0
913.0
895.0
888.0
883.0
891.0
902.0
898.0
880.0
851.0
876.0
881.0
895.0
881.0
833.0
861.0
861.0
862.0
867.0
844.0
868.0
871.0
865.0
891.0
856.0
869.0
897.0
881.0
862.0
864.0
849.0
858.0
857.0
871.0
853.0
850.0
858.0
858.0
830.0
843.0
847.0
840.0
850.0
841.0
850.0
872.0
864.0
859.0
864.0
845.0
867.0
855.0
850.0
862.0
855.0
871.0
870.0
852.0
866.0
864.0
868.0
888.0
854.0
858.0
850.0
859.0
852.0
852.0
870.0
871.0
860.0
844.0
861.0
838.0
829.0
834.0
840.0
855.0
851.0
853.0
870.0
852.0
860.0
845.0
848.0
857.0
835.0
824.0
833.0
847.0
843.0
832.0
835.0
829.0
828.0
861.0
852.0
856.0
852.0
859.0
879.0
879.0
871.0
851.0
863.0
862.0
846.0
872.0
867.0
843.0
859.0
866.0
854.0
855.0
846.0
858.0
854.0
837.0
864.0
854.0
871.0
877.0
859.0
841.0
826.0
842.0
848.0
880.0
849.0
865.0
850.0
846.0
854.0
840.0
853.0
839.0
848.0
840.0
840.0
833.0
854.0
872.0
858.0
857.0
867.0
884.0
892.0
879.0
870.0
883.0
875.0
894.0
896.0
896.0
876.0
884.0
868.0
867.0
890.0
906.0
897.0
885.0
890.0
899.0
878.0
882.0
889.0
911.0
895.0
890.0
894.0
887.0
884.0
886.0
869.0
875.0
875.0
864.0
867.0
847.0
864.0
884.0
866.0
888.0
866.0
880.0
861.0
875.0
869.0
861.0
842.0
860.0
862.0
870.0
855.0
862.0
858.0
862.0
877.0
855.0
871.0
879.0
885.0
880.0
864.0
855.0
855.0
860.0
878.0
842.0
842.0
855.0
851.0
842.0
833.0
853.0
867.0
853.0
867.0
872.0
870.0
871.0
875.0
890.0
876.0
899.0
882.0
874.0
876.0
850.0
881.0
882.0
878.0
902.0
876.0
904.0
878.0
863.0
888.0
856.0
869.0
871.0
878.0
861.0
856.0
842.0
857.0
840.0
861.0
860.0
853.0
861.0
864.0
854.0
860.0
855.0
864.0
847.0
839.0
840.0
843.0
853.0
839.0
865.0
852.0
839.0
859.0
856.0
860.0
854.0
839.0
869.0
845.0
837.0
844.0
834.0
851.0
857.0
871.0
866.0
857.0
868.0
860.0
875.0
862.0
862.0
858.0
844.0
856.0
859.0
838.0
854.0
856.0
845.0
