32.0
32.0
53.0
73.0
104.0
121.0
128.0
127.0
144.0
173.0
207.0
192.0
222.0
214.0
232.0
231.0
220.0
220.0
221.0
195.0
200.0
219.0
242.0
261.0
273.0
261.0
245.0
228.0
264.0
251.0
259.0
256.0
282.0
279.0
258.0
268.0
261.0
257.0
270.0
280.0
287.0
277.0
254.0
241.0
249.0
262.0
257.0
289.0
294.0
273.0
308.0
295.0
295.0
300.0
302.0
301.0
297.0
300.0
313.0
340.0
324.0
336.0
355.0
380.0
399.0
422.0
430.0
443.0
488.0
525.0
544.0
560.0
588.0
629.0
652.0
697.0
683.0
688.0
763.0
799.0
815.0
786.0
774.0
810.0
838.0
822.0
831.0
857.0
862.0
842.0
846.0
901.0
910.0
908.0
888.0
860.0
880.0
849.0
856.0
893.0
915.0
948.0
963.0
982.0
1000.0
959.0
984.0
1056.0
1078.0
1095.0
1089.0
1119.0
1115.0
1098.0
1153.0
1180.0
1183.0
1218.0
1249.0
1267.0
1336.0
1381.0
1368.0
1365.0
1431.0
1430.0
1462.0
1486.0
1473.0
1537.0
1521.0
1557.0
1573.0
1598.0
1643.0
1680.0
1654.0
1713.0
1717.0
1742.0
1828.0
1790.0
1816.0
1914.0
1910.0
1987.0
2066.0
2081.0
2063.0
2126.0
2192.0
2193.0
2190.0
2279.0
2280.0
2328.0
2313.0
2391.0
2419.0
2374.0
2395.0
2426.0
2446.0
2428.0
2453.0
2536.0
2503.0
2477.0
2534.0
2546.0
2611.0
2554.0
2648.0
2618.0
2608.0
2663.0
2649.0
2634.0
2592.0
2626.0
2636.0
2656.0
2586.0
2625.0
2591.0
2683.0
2668.0
2653.0
2691.0
2700.0
2651.0
2661.0
2600.0
2649.0
2689.0
2662.0
2676.0
2712.0
2688.0
2667.0
2660.0
2701.0
2745.0
2754.0
2755.0
2705.0
2678.0
2735.0
2761.0
2777.0
2786.0
2738.0
2795.0
2801.0
2817.0
2749.0
2757.0
2782.0
2749.0
2743.0
2750.0
2798.0
2804.0
2794.0
2802.0
2795.0
2850.0
2808.0
2817.0
2816.0
2769.0
2811.0
2787.0
2815.0
2864.0
2819.0
2820.0
2817.0
2860.0
2834.0
2901.0
2909.0
2879.0
2823.0
2867.0
2866.0
2853.0
2789.0
2860.0
2857.0
2905.0
2879.0
2848.0
2865.0
2877.0
2838.0
2884.0
2842.0
2891.0
2897.0
2787.0
2904.0
2875.0
2884.0
2844.0
2836.0
2796.0
2807.0
2885.0
2916.0
2925.0
2915.0
2887.0
2904.0
2882.0
2879.0
2831.0
2868.0
2842.0
2914.0
2875.0
2899.0
2892.0
2877.0
2953.0
2919.0
2936.0
2906.0
2984.0
2901.0
2935.0
2888.0
2895.0
2893.0
2919.0
2883.0
2889.0
2969.0
2924.0
2906.0
2923.0
2888.0
2894.0
2941.0
2860.0
2917.0
2912.0
2907.0
2935.0
2861.0
2877.0
2882.0
2954.0
2887.0
2936.0
2891.0
2935.0
2888.0
2858.0
2947.0
2909.0
2950.0
2892.0
2934.0
2957.0
2940.0
2944.0
2912.0
2926.0
2825.0
2860.0
2866.0
2905.0
2853.0
2928.0
2908.0
2913.0
2870.0
2921.0
2924.0
2892.0
2901.0
2890.0
2896.0
2947.0
2895.0
2937.0
2886.0
2882.0
2892.0
2876.0
2880.0
2890.0
2911.0
2831.0
2878.0
2889.0
2880.0
2887.0
2820.0
2856.0
2882.0
2909.0
2868.0
2884.0
2903.0
2910.0
2897.0
2902.0
2877.0
2888.0
2883.0
2905.0
2909.0
2901.0
2889.0
2935.0
2981.0
2895.0
2899.0
2917.0
2893.0
2949.0
2946.0
2927.0
2932.0
3001.0
2927.0
2942.0
2955.0
3010.0
2988.0
2980.0
3069.0
2973.0
2952.0
2930.0
3017.0
3002.0
2972.0
2963.0
3002.0
2983.0
2960.0
2959.0
2965.0
2906.0
2995.0
2990.0
2990.0
2971.0
3027.0
3027.0
2931.0
2998.0
2974.0
2963.0
2912.0
2988.0
2901.0
2864.0
2893.0
2924.0
2853.0
2971.0
2969.0
2896.0
2889.0
2962.0
2943.0
2936.0
2941.0
2881.0
2948.0
2952.0
2997.0
2918.0
2896.0
2897.0
2858.0
2944.0
2916.0
2865.0
2867.0
2921.0
2927.0
2904.0
2978.0
2898.0
2912.0
2876.0
2877.0
2861.0
2847.0
2846.0
2853.0
2887.0
2889.0
2888.0
2861.0
2842.0
2868.0
2855.0
2881.0
2926.0
2899.0
2931.0
2890.0
2864.0
2853.0
2881.0
2875.0
2860.0
2926.0
2859.0
2826.0
2923.0
2902.0
2839.0
2845.0
2912.0
2897.0
2882.0
2907.0
2955.0
2912.0
2994.0
2883.0
2896.0
2892.0
2929.0
2913.0
2913.0
2916.0
2933.0
2944.0
2871.0
2967.0
2903.0
2895.0
2875.0
2943.0
2938.0
3008.0
2928.0
2953.0
2945.0
2932.0
2896.0
2925.0
2909.0
2960.0
2950.0
2945.0
2881.0
2898.0
2898.0
2936.0
2848.0
2908.0
2916.0
2975.0
2935.0
2947.0
2943.0
2926.0
2945.0
3005.0
3020.0
2937.0
2973.0
2995.0
2955.0
2975.0
2993.0
2931.0
2937.0
2862.0
2901.0
2890.0
2908.0
2894.0
2974.0
2914.0
2894.0
3005.0
2998.0
2902.0
2968.0
2939.0
2878.0
2967.0
2983.0
2988.0
3047.0
2991.0
3035.0
3011.0
3017.0
2967.0
2941.0
2936.0
2949.0
2980.0
2977.0
2880.0
2992.0
2875.0
2884.0
2900.0
2946.0
2876.0
2906.0
2892.0
2904.0
2927.0
2928.0
2947.0
2936.0
2916.0
2916.0
2963.0
3006.0
2968.0
2929.0
2894.0
2995.0
2968.0
2939.0
2942.0
2913.0
2865.0
2907.0
2877.0
2883.0
2867.0
2917.0
2899.0
2894.0
2909.0
2873.0
2919.0
2924.0
2880.0
2939.0
2931.0
2921.0
2945.0
2909.0
2895.0
2866.0
2877.0
2874.0
2935.0
2926.0
2949.0
2877.0
2936.0
2905.0
2868.0
2928.0
2909.0
2854.0
2885.0
2901.0
2913.0
2903.0
2911.0
2804.0
2922.0
2861.0
2947.0
2913.0
2984.0
2933.0
2933.0
2836.0
2814.0
2891.0
2893.0
2896.0
2964.0
2962.0
2945.0
2928.0
2888.0
2907.0
2842.0
2926.0
2886.0
2932.0
2912.0
2938.0
2923.0
2916.0
2896.0
2942.0
2945.0
2905.0
2915.0
2921.0
2957.0
2918.0
2994.0
2980.0
2926.0
2974.0
2983.0
2914.0
2871.0
2915.0
2886.0
2876.0
2894.0
2921.0
2877.0
2896.0
2928.0
2887.0
2821.0
2875.0
2862.0
2911.0
2920.0
2861.0
2820.0
2852.0
2885.0
2873.0
2880.0
2897.0
2900.0
2871.0
2872.0
2873.0
2886.0
2919.0
2997.0
2974.0
2911.0
2927.0
2906.0
2834.0
2920.0
2930.0
2930.0
2872.0
2873.0
2847.0
2923.0
2904.0
2962.0
2878.0
2875.0
2894.0
2900.0
2840.0
2862.0
2843.0
2876.0
2883.0
2892.0
2864.0
2899.0
2845.0
2825.0
2870.0
2813.0
2812.0
2813.0
2851.0
2809.0
2853.0
2862.0
2844.0
2805.0
2845.0
2866.0
2922.0
2874.0
2866.0
2916.0
2929.0
2920.0
2874.0
2878.0
2852.0
2907.0
2892.0
2805.0
2905.0
2836.0
2883.0
2927.0
2957.0
2955.0
2937.0
2889.0
2924.0
2888.0
2900.0
2941.0
3004.0
2959.0
2951.0
2928.0
2964.0
2942.0
2961.0
2957.0
2960.0
3027.0
2976.0
2963.0
2944.0
2949.0
2905.0
2888.0
2933.0
2880.0
2937.0
2930.0
2920.0
2971.0
2929.0
2956.0
2963.0
2945.0
2973.0
3017.0
2923.0
2936.0
3006.0
2916.0
2909.0
2930.0
2930.0
2955.0
2959.0
2980.0
2897.0
2976.0
3000.0
2964.0
2988.0
2930.0
2957.0
2912.0
2931.0
2910.0
2958.0
2962.0
2918.0
2933.0
2912.0
2935.0
2970.0
2980.0
2948.0
2919.0
2895.0
2909.0
2898.0
2828.0
2931.0
2881.0
2960.0
2925.0
2892.0
2830.0
2831.0
2886.0
2836.0
2933.0
2956.0
2948.0
2931.0
2867.0
2949.0
2892.0
2989.0
2912.0
2896.0
2867.0
2861.0
2831.0
2887.0
2901.0
2854.0
2883.0
2915.0
2906.0
2879.0
2911.0
2909.0
2924.0
2967.0
2989.0
2979.0
2946.0
2976.0
2954.0
2937.0
2926.0
2881.0
2928.0
2923.0
2875.0
2944.0
2909.0
2941.0
2911.0
2857.0
2896.0
2919.0
2889.0
2901.0
2874.0
2872.0
2873.0
2862.0
2925.0
2912.0
2877.0
2917.0
2874.0
2869.0
2833.0
2863.0
2850.0
2866.0
2972.0
2917.0
2891.0
2955.0
2929.0
2934.0
2952.0
2873.0
2874.0
2934.0
2934.0
2895.0
2925.0
2942.0
2956.0
2904.0
2875.0
2894.0
2982.0
2897.0
2935.0
2922.0
2932.0
2915.0
2897.0
3009.0
2949.0
2960.0
2915.0
2980.0
2914.0
2874.0
2903.0
2921.0
2934.0
2957.0
2861.0
2853.0
2893.0
2908.0
2876.0
2915.0
2896.0
2872.0
2919.0
2901.0
2874.0
