1109.0
875.0
563.0
318.0
196.0
185.0
189.0
197.0
200.0
210.0
232.0
251.0
273.0
293.0
322.0
362.0
400.0
431.0
463.0
480.0
514.0
552.0
578.0
605.0
664.0
707.0
740.0
787.0
809.0
856.0
929.0
997.0
1056.0
1101.0
1207.0
1257.0
1308.0
1341.0
1391.0
1436.0
1509.0
1589.0
1650.0
1671.0
1699.0
1756.0
1806.0
1843.0
1909.0
1924.0
1990.0
2007.0
2056.0
2084.0
2115.0
2108.0
2154.0
2193.0
2245.0
2265.0
2300.0
2338.0
2320.0
2351.0
2383.0
2398.0
2445.0
2481.0
2490.0
2487.0
2474.0
2500.0
2518.0
2558.0
2586.0
2636.0
2616.0
2584.0
2624.0
2609.0
2671.0
2712.0
2726.0
2749.0
2723.0
2737.0
2829.0
2873.0
2884.0
2909.0
2956.0
3033.0
3092.0
3128.0
3146.0
3170.0
3180.0
3137.0
3174.0
3185.0
3237.0
3262.0
3224.0
3193.0
3208.0
3246.0
3232.0
3303.0
3303.0
3285.0
3352.0
3340.0
3336.0
3322.0
3371.0
3389.0
3334.0
3369.0
3450.0
3449.0
3424.0
3359.0
3442.0
3395.0
3423.0
3449.0
3396.0
3422.0
3385.0
3421.0
3379.0
3360.0
3412.0
3403.0
3470.0
3359.0
3357.0
3371.0
3373.0
3387.0
3406.0
3390.0
3387.0
3369.0
3348.0
3371.0
3358.0
3356.0
3364.0
3431.0
3387.0
3434.0
3391.0
3364.0
3365.0
3366.0
3464.0
3438.0
3375.0
3357.0
3372.0
3415.0
3355.0
3334.0
3340.0
3369.0
3374.0
3375.0
3384.0
3431.0
3379.0
3381.0
3388.0
3377.0
3423.0
3397.0
3397.0
3327.0
3342.0
3363.0
3347.0
3366.0
3355.0
3394.0
3435.0
3403.0
3377.0
3387.0
3421.0
3406.0
3403.0
3410.0
3383.0
3418.0
3429.0
3443.0
3386.0
3386.0
3367.0
3408.0
3373.0
3417.0
3443.0
3425.0
3357.0
3383.0
3394.0
3381.0
3379.0
3389.0
3363.0
3377.0
3435.0
3402.0
3393.0
3425.0
3432.0
3430.0
3420.0
3450.0
3402.0
3378.0
3400.0
3470.0
3471.0
3457.0
3467.0
3403.0
3361.0
3429.0
3481.0
3482.0
3452.0
3456.0
3490.0
3478.0
3453.0
3458.0
3434.0
3422.0
3426.0
3450.0
3457.0
3496.0
3455.0
3488.0
3479.0
3500.0
3477.0
3457.0
3503.0
3491.0
3518.0
3499.0
3471.0
3421.0
3489.0
3492.0
3472.0
3464.0
3501.0
3475.0
3469.0
3496.0
3496.0
3485.0
3501.0
3528.0
3542.0
3491.0
3506.0
3472.0
3515.0
3462.0
3487.0
3512.0
3511.0
3519.0
3479.0
3483.0
3501.0
3465.0
3460.0
3525.0
3552.0
3534.0
3504.0
3542.0
3516.0
3460.0
3465.0
3509.0
3516.0
3493.0
3531.0
3520.0
3472.0
3478.0
