888.0
161.0
30.0
23.0
19.0
17.0
14.0
14.0
13.0
11.0
12.0
12.0
13.0
13.0
14.0
15.0
15.0
18.0
18.0
19.0
22.0
21.0
23.0
24.0
25.0
30.0
31.0
32.0
35.0
36.0
43.0
44.0
46.0
48.0
51.0
56.0
59.0
63.0
67.0
69.0
71.0
76.0
84.0
92.0
92.0
93.0
96.0
102.0
107.0
108.0
113.0
118.0
123.0
130.0
131.0
137.0
143.0
141.0
145.0
149.0
162.0
160.0
162.0
161.0
167.0
166.0
172.0
176.0
183.0
190.0
197.0
198.0
207.0
214.0
221.0
236.0
241.0
242.0
254.0
259.0
266.0
271.0
283.0
285.0
287.0
304.0
310.0
321.0
318.0
326.0
345.0
338.0
343.0
352.0
350.0
370.0
368.0
381.0
384.0
374.0
398.0
396.0
410.0
415.0
415.0
433.0
447.0
434.0
446.0
452.0
460.0
465.0
466.0
495.0
487.0
508.0
512.0
515.0
536.0
548.0
553.0
556.0
569.0
583.0
580.0
594.0
604.0
601.0
626.0
641.0
646.0
657.0
647.0
650.0
660.0
678.0
685.0
698.0
714.0
716.0
735.0
737.0
760.0
779.0
775.0
807.0
820.0
849.0
863.0
856.0
873.0
892.0
890.0
923.0
937.0
953.0
980.0
992.0
1011.0
1031.0
1025.0
1029.0
1053.0
1067.0
1095.0
1094.0
1099.0
1088.0
1102.0
1138.0
1189.0
1168.0
1174.0
1185.0
1179.0
1209.0
1246.0
1260.0
1286.0
1277.0
1300.0
1334.0
1344.0
1356.0
1358.0
1379.0
1407.0
1434.0
1454.0
1473.0
1471.0
1489.0
1512.0
1539.0
1552.0
1550.0
1577.0
1600.0
1621.0
1618.0
1619.0
1632.0
1638.0
1674.0
1684.0
1675.0
1700.0
1694.0
1721.0
1748.0
1755.0
1745.0
1748.0
1748.0
1782.0
1777.0
1793.0
1763.0
1766.0
1777.0
1751.0
1759.0
1795.0
1794.0
1801.0
1797.0
1838.0
1805.0
1819.0
1870.0
1841.0
1850.0
1833.0
1838.0
1845.0
1846.0
1874.0
1876.0
1845.0
1860.0
1871.0
1869.0
1891.0
1863.0
1875.0
1853.0
1858.0
1858.0
1864.0
1861.0
1858.0
1860.0
1889.0
1854.0
1867.0
1889.0
1903.0
1887.0
1895.0
1890.0
1907.0
1890.0
1910.0
1925.0
1939.0
1899.0
1901.0
1931.0
1914.0
1912.0
1950.0
1938.0
1946.0
1946.0
1948.0
1930.0
1942.0
1932.0
1917.0
1914.0
1901.0
1922.0
1945.0
1946.0
1934.0
1904.0
1929.0
1943.0
1966.0
1956.0
1957.0
1941.0
1933.0
1934.0
1958.0
1961.0
1963.0
1991.0
1994.0
2017.0
1999.0
1995.0
1971.0
1997.0
2019.0
2006.0
1985.0
1994.0
2000.0
2019.0
2024.0
2026.0
2003.0
2023.0
1973.0
1977.0
1963.0
2007.0
1995.0
2001.0
1978.0
1996.0
2004.0
2031.0
2015.0
2020.0
2023.0
2036.0
2036.0
2028.0
2013.0
1991.0
1996.0
1978.0
2008.0
1999.0
2017.0
2044.0
2044.0
2044.0
2026.0
2064.0
2030.0
2051.0
2059.0
2070.0
2081.0
2075.0
2103.0
2073.0
2070.0
2076.0
2054.0
2082.0
2097.0
2081.0
2090.0
2075.0
2068.0
2063.0
2093.0
2089.0
2089.0
2078.0
2103.0
2088.0
2074.0
2074.0
2097.0
2093.0
2112.0
2087.0
2092.0
2114.0
2143.0
2111.0
2136.0
2142.0
2115.0
2079.0
2081.0
2102.0
2090.0
2091.0
2115.0
2112.0
2091.0
2081.0
2082.0
2089.0
2103.0
2099.0
2120.0
2136.0
2127.0
2103.0
2125.0
2149.0
2151.0
2133.0
2119.0
2127.0
2149.0
2130.0
2114.0
2139.0
2148.0
2157.0
2157.0
2156.0
2136.0
2157.0
2167.0
2161.0
2150.0
2188.0
2209.0
2194.0
2199.0
2192.0
2204.0
2199.0
2202.0
2205.0
2173.0
2176.0
2198.0
2207.0
2183.0
2193.0
2180.0
2184.0
2192.0
2179.0
2194.0
2220.0
2179.0
2173.0
2195.0
2209.0
2224.0
2223.0
2222.0
2217.0
2248.0
2222.0
2241.0
2238.0
2229.0
2205.0
2208.0
2251.0
2222.0
2226.0
2214.0
2227.0
2240.0
2215.0
2210.0
2217.0
2201.0
2215.0
2206.0
2229.0
2240.0
2237.0
2234.0
2232.0
2215.0
2203.0
2220.0
2234.0
2273.0
2231.0
2224.0
2237.0
2280.0
2251.0
2282.0
2289.0
2301.0
2332.0
2307.0
2322.0
2311.0
2330.0
2317.0
2365.0
2313.0
2302.0
2292.0
2294.0
2275.0
2314.0
2302.0
2292.0
2289.0
2275.0
2285.0
2259.0
2265.0
2270.0
2267.0
2296.0
2265.0
2256.0
2252.0
2264.0
2280.0
2284.0
2302.0
2302.0
2342.0
2301.0
2322.0
2317.0
2310.0
2338.0
2353.0
2312.0
2329.0
2307.0
2343.0
2341.0
2312.0
2308.0
2317.0
2322.0
2314.0
2316.0
2303.0
2311.0
2295.0
2293.0
2305.0
2293.0
2300.0
2317.0
2322.0
2304.0
2321.0
2318.0
2319.0
2347.0
2346.0
2339.0
2357.0
2347.0
2389.0
2363.0
2394.0
2368.0
2395.0
2426.0
2432.0
2404.0
2373.0
2379.0
2335.0
2338.0
2356.0
2325.0
2319.0
2309.0
2327.0
2332.0
2314.0
2347.0
2342.0
2337.0
2370.0
2362.0
2349.0
2363.0
2359.0
2373.0
2377.0
2367.0
2361.0
2352.0
2368.0
2395.0
2419.0
2425.0
2420.0
2404.0
2395.0
2408.0
2382.0
2385.0
2401.0
2379.0
2404.0
2378.0
2389.0
2401.0
2408.0
2407.0
2417.0
2403.0
2417.0
2437.0
2434.0
2441.0
2463.0
2459.0
2440.0
2447.0
2422.0
2423.0
2425.0
2449.0
2431.0
2457.0
2451.0
2413.0
2416.0
2411.0
2426.0
2439.0
2434.0
2432.0
2454.0
2451.0
2462.0
2461.0
2457.0
2451.0
2468.0
2470.0
2439.0
2410.0
2432.0
2460.0
2433.0
2446.0
2451.0
2458.0
2509.0
2519.0
2494.0
2467.0
2478.0
2440.0
2472.0
2469.0
2480.0
2468.0
2480.0
2486.0
2466.0
2456.0
2505.0
2528.0
2531.0
2501.0
2498.0
2509.0
2487.0
2479.0
2466.0
2450.0
2436.0
2467.0
2477.0
2452.0
2445.0
2435.0
2431.0
2455.0
2452.0
2433.0
2444.0
2422.0
2441.0
2476.0
2464.0
2472.0
2452.0
2440.0
2470.0
2464.0
2478.0
2471.0
2487.0
2483.0
2500.0
2472.0
2491.0
2466.0
2434.0
2444.0
2418.0
2432.0
2458.0
2430.0
2427.0
2395.0
2415.0
2399.0
2402.0
2414.0
2421.0
2448.0
2478.0
2479.0
2476.0
2486.0
2479.0
2478.0
2455.0
2479.0
2496.0
2491.0
2460.0
2462.0
2453.0
2473.0
2472.0
2496.0
2498.0
2488.0
2508.0
2532.0
2509.0
2510.0
2497.0
2500.0
2509.0
2482.0
2491.0
2494.0
2466.0
2456.0
2448.0
2429.0
2446.0
2490.0
2493.0
2516.0
2492.0
2495.0
2492.0
2456.0
2499.0
2452.0
2411.0
2449.0
2460.0
2434.0
2460.0
2451.0
2437.0
2434.0
2473.0
2480.0
2458.0
2480.0
2483.0
2461.0
