1094.0
860.0
514.0
302.0
181.0
166.0
150.0
143.0
148.0
155.0
168.0
186.0
203.0
215.0
241.0
271.0
292.0
331.0
370.0
410.0
449.0
502.0
547.0
605.0
649.0
689.0
727.0
789.0
830.0
869.0
916.0
944.0
1002.0
1063.0
1125.0
1171.0
1212.0
1250.0
1297.0
1346.0
1404.0
1482.0
1508.0
1542.0
1612.0
1663.0
1730.0
1781.0
1829.0
1831.0
1864.0
1917.0
1969.0
2029.0
2039.0
2062.0
2151.0
2169.0
2198.0
2192.0
2190.0
2179.0
2242.0
2261.0
2284.0
2334.0
2368.0
2358.0
2387.0
2376.0
2417.0
2418.0
2433.0
2505.0
2486.0
2470.0
2535.0
2558.0
2554.0
2564.0
2548.0
2563.0
2548.0
2525.0
2576.0
2544.0
2585.0
2624.0
2611.0
2573.0
2574.0
2588.0
2627.0
2627.0
2620.0
2643.0
2609.0
2603.0
2667.0
2633.0
2604.0
2641.0
2619.0
2617.0
2684.0
2696.0
2692.0
2682.0
2691.0
2704.0
2720.0
2723.0
2739.0
2700.0
2726.0
2744.0
2722.0
2765.0
2742.0
2792.0
2813.0
