0 -2 -1 30 336 -1 -3 8 0 -1 -3 28 336 3 1 5 336 1 2 6 336 -3 3 5 336 -3 -2 10 0 3 -3 17 0 3 3 22 0 -1 -2 10 0 -2 -3 29 0 2 -3 28 0 2 1 36 0 -3 3 40 0 1 3 23 0 -3 -2 25 0 3 -1 21 0 -2 1 28 0 -1 -1 30 0 -2 -2 12 0 1 -1 7 0 3 -2 30 38 2 1 5 0 1 -2 21 0 -2 3 26 0 1 2 4 38 -2 -1 8 0 -3 1 22 0 1 1 27 0 2 -2 27 0 2 3 28 0 1 -3 9 0 -1 2 25 0 -3 -3 24 137 1 -1 7 0 -1 1 21 0 3 2 20 19 3 3 5 38 -1 3 7 38 -2 3 4 0 -1 3 14 19 -3 -2 3 416 3 -1 4 0 3 1 14 38 1 2 4 19 2 -2 4 0 2 -1 17 137 2 2 6 0 -3 -1 12 205 -2 -2 3 137 -2 1 3 76 1 1 4 38 -2 -3 4 416 2 2 3 76 1 -2 3 137 2 1 2 368 3 1 3 76 2 -1 2 19 -2 2 2 137 1 -2 3 416 -2 2 2 416 1 -3 2 416 3 -3 2 422 -3 2 1 205 -1 3 1 19 -3 -1 2 496 -3 -3 1 110 1 2 1 19 -2 3 1 
0 -2 -1 60 336 -3 -3 19 0 -1 -3 53 336 1 2 11 336 2 -1 10 336 -3 -2 17 0 -1 -2 25 336 1 -1 7 0 -2 -3 50 0 2 -3 53 0 2 1 73 0 -3 3 68 0 1 3 48 0 -3 -2 47 0 3 -1 32 0 -2 1 59 0 -1 -1 61 0 1 -1 17 0 3 -2 55 0 1 -2 34 0 -2 3 53 38 -2 -1 19 0 -3 1 43 0 1 1 56 0 2 -2 48 0 2 3 52 0 1 -3 19 416 -1 1 10 0 -1 2 55 0 -3 -3 42 38 1 -1 8 137 1 -1 14 0 -1 1 51 137 -3 -1 4 0 3 2 43 19 3 3 10 38 -1 3 10 0 -1 3 30 416 3 -1 7 76 -3 2 4 0 3 1 31 38 2 2 9 0 2 -1 41 0 -3 -1 23 137 -3 -2 9 38 2 -1 3 137 -2 -1 5 205 -2 -3 5 38 -1 -3 2 137 3 -1 7 76 1 1 9 416 2 2 7 76 1 -1 5 19 2 -3 6 416 1 -3 7 76 -2 -1 5 76 2 -2 5 110 1 2 2 416 -2 1 3 496 -3 -1 2 496 3 2 3 19 -2 -2 1 
0 -2 -1 90 336 -1 -2 12 336 1 2 16 336 -3 -2 25 0 -1 -2 40 0 -2 -3 65 0 2 -3 70 0 2 1 104 0 1 3 68 0 3 -1 45 0 -2 1 67 0 -1 -1 85 0 -2 -2 29 0 1 -1 27 0 1 -2 44 38 -2 -1 31 0 1 1 87 0 2 -2 66 0 1 -3 28 416 -1 1 15 0 -1 2 79 0 -3 -3 52 137 1 -1 20 0 -1 1 77 19 3 3 15 0 -1 3 38 416 3 -1 12 0 2 -1 68 137 2 -1 25 76 2 2 7 137 3 -1 12 76 3 2 8 76 1 -2 11 137 2 1 9 76 -2 -1 7 416 1 1 8 416 1 -1 5 496 -3 -1 4 496 3 2 8 137 3 -2 2 416 1 3 3 348 2 -1 5 155 3 1 2 338 -3 -1 3 416 -2 -2 5 386 3 3 1 
336 -3 -3 34 336 2 -1 19 336 -3 -2 32 0 3 3 46 0 -2 -3 70 336 3 -1 8 0 -2 1 77 0 -2 -2 40 0 1 -1 37 0 3 -2 72 0 1 -2 53 0 1 2 17 38 -2 -1 42 0 1 1 113 0 2 -2 84 0 -1 1 98 19 3 3 20 416 3 -1 17 19 2 -2 10 0 2 -1 80 137 -2 -1 10 205 -2 -3 10 205 -2 -2 13 416 -1 -1 8 336 -1 2 5 76 -2 -1 12 19 -3 -1 12 496 -3 -1 6 496 3 2 13 416 1 2 4 348 2 -1 10 155 3 1 7 416 -2 -2 12 416 2 -1 4 137 -3 3 2 205 2 -2 1 422 2 -2 1 155 2 1 1 
336 3 2 8 336 -3 -2 37 0 -2 1 82 0 -2 -2 50 0 1 -2 63 0 1 2 27 38 -2 -1 48 0 1 1 136 0 2 -2 98 0 2 3 61 38 1 -1 18 0 -1 1 127 137 -3 -1 8 19 3 3 25 416 3 -1 22 0 3 1 53 0 2 -1 88 38 -1 -3 3 76 3 2 11 137 2 1 15 336 -1 2 9 496 -3 -1 8 416 -3 -2 13 496 3 2 18 155 3 1 12 416 -2 -2 17 348 2 3 4 76 1 2 4 137 -1 -2 2 
336 3 2 13 336 -1 -2 22 0 3 -3 41 0 -1 -2 62 38 -2 -1 52 0 2 -2 105 0 2 3 63 416 -1 1 25 0 -1 1 139 19 3 3 30 416 3 -1 27 76 3 3 9 416 1 1 16 496 -3 -1 10 496 3 2 23 19 2 3 6 155 3 1 17 416 -2 -2 20 348 1 1 4 348 2 3 9 76 1 2 9 19 1 -1 6 55 1 3 1 
0 3 -3 44 0 3 3 56 0 -1 -2 67 0 1 3 81 0 -2 1 92 0 1 -1 55 0 1 2 34 0 2 -2 110 19 3 3 35 416 3 -1 32 0 2 -1 101 205 -2 -2 23 19 -3 -1 20 496 -3 -1 12 496 3 2 28 155 3 1 22 416 -2 -2 23 348 2 3 14 110 2 2 1 
336 -1 -2 28 336 -1 -1 11 0 -1 -2 73 0 1 -1 68 0 2 -2 115 19 3 3 40 416 3 -1 37 0 3 1 63 0 2 -1 115 137 -1 -3 16 76 1 1 16 19 -1 -2 17 416 -1 -3 32 416 3 -3 17 496 3 2 33 155 3 1 27 416 -2 -2 26 348 2 3 19 
0 1 3 86 0 -2 -2 55 0 2 -2 120 416 -1 1 35 19 -3 -2 10 416 3 -1 42 19 -1 -2 19 416 1 1 26 416 -3 -2 29 496 3 2 38 155 3 1 32 416 -2 -2 29 422 2 3 10 348 2 3 24 348 -1 3 2 
0 -1 -2 87 0 -3 1 99 0 2 -2 125 416 3 -1 47 0 2 -1 139 205 -2 -2 33 76 1 1 22 19 -1 -2 21 496 3 2 43 19 -2 -3 44 155 3 1 37 348 2 3 29 76 1 2 20 76 -2 2 4 416 2 -3 1 
0 -1 -2 97 0 2 1 147 0 -2 -2 61 0 2 -2 130 416 3 -1 52 0 3 1 73 0 2 -1 149 76 1 1 24 19 -1 -2 23 416 3 -3 22 496 3 2 48 19 -2 -2 4 348 2 3 34 416 -3 1 1 1 1 2 1 
0 3 -2 87 0 2 -2 135 416 -1 1 45 416 3 -1 57 336 2 -2 2 19 -1 -2 25 416 -1 -3 55 416 1 1 34 496 3 2 53 422 2 3 15 348 2 3 39 0 -2 2 10 
0 -2 -2 69 0 1 2 44 0 2 -2 138 416 3 -1 62 137 -3 2 3 205 -2 -2 43 19 -1 -2 27 19 -3 -1 38 496 3 2 58 422 2 3 20 348 2 3 44 
0 1 -1 75 416 3 -1 67 0 3 1 83 137 2 2 10 19 -1 -2 29 76 3 2 12 496 3 2 63 422 2 3 25 348 2 3 49 348 1 -1 3 
368 1 -2 2 0 2 1 165 0 -2 1 123 0 1 -1 82 416 -1 1 55 19 -1 -2 31 496 3 2 68 422 2 3 30 348 2 3 54 
0 -3 3 78 336 2 -2 7 205 -2 -2 54 19 -1 -2 33 496 3 2 73 422 2 3 35 348 2 3 59 
0 3 1 93 137 -3 2 8 19 -1 -2 35 496 3 2 78 422 2 3 40 348 2 3 64 
416 -1 1 65 19 -1 -2 37 496 3 2 83 422 2 3 45 348 2 3 69 348 1 -1 8 
0 -2 1 140 205 -2 -2 64 19 -1 -2 39 496 3 2 88 422 2 3 50 348 2 3 74 
0 3 1 103 336 2 -2 12 19 -1 -2 41 496 3 2 93 422 2 3 55 348 2 3 79 
416 -1 1 75 137 -3 2 13 19 -1 -2 43 496 3 2 98 422 2 3 60 348 2 3 84 
205 -2 -2 74 19 -1 -2 45 496 3 2 103 422 2 3 65 348 2 3 89 348 1 -1 13 
0 -2 1 150 0 3 1 113 19 -1 -2 47 496 3 2 108 422 2 3 70 348 2 3 94 
416 -1 1 85 336 2 -2 17 19 -1 -2 49 496 3 2 113 422 2 3 75 348 2 3 99 
137 -3 2 18 205 -2 -2 84 19 -1 -2 51 496 3 2 118 422 2 3 80 348 2 3 104 
0 3 1 123 19 -1 -2 53 496 3 2 123 422 2 3 85 348 2 3 109 348 1 -1 18 
0 -2 1 160 416 -1 1 95 19 -1 -2 55 496 3 2 128 422 2 3 90 348 2 3 114 
336 2 -2 22 205 -2 -2 94 19 -1 -2 57 496 3 2 133 422 2 3 95 348 2 3 119 
0 3 1 133 19 -1 -2 59 496 3 2 138 422 2 3 100 348 2 3 124 
416 -1 1 105 19 -1 -2 61 496 3 2 143 422 2 3 105 348 2 3 129 
205 -2 -2 104 19 -1 -2 63 496 3 2 148 422 2 3 110 348 2 3 134 
0 3 1 143 19 -1 -2 65 496 3 2 153 422 2 3 115 348 2 3 139 
416 -1 1 115 19 -1 -2 67 496 3 2 158 422 2 3 120 348 2 3 144 
205 -2 -2 114 19 -1 -2 69 496 3 2 163 422 2 3 125 348 2 3 149 
0 3 1 153 19 -1 -2 71 496 3 2 168 422 2 3 130 348 2 3 154 
416 -1 1 125 19 -1 -2 73 496 3 2 173 422 2 3 135 348 2 3 159 
205 -2 -2 124 19 -1 -2 75 496 3 2 178 422 2 3 140 348 2 3 164 
0 3 1 163 19 -1 -2 77 496 3 2 183 422 2 3 145 348 2 3 169 
416 -1 1 135 19 -1 -2 79 496 3 2 188 422 2 3 150 348 2 3 174 
205 -2 -2 134 19 -1 -2 81 496 3 2 193 422 2 3 155 348 2 3 179 
0 3 1 173 19 -1 -2 83 496 3 2 198 422 2 3 160 348 2 3 184 
416 -1 1 145 19 -1 -2 85 496 3 2 203 422 2 3 165 348 2 3 189 
205 -2 -2 144 19 -1 -2 87 496 3 2 208 422 2 3 170 348 2 3 194 
0 3 1 183 19 -1 -2 89 496 3 2 213 422 2 3 175 348 2 3 199 
416 -1 1 155 19 -1 -2 91 496 3 2 218 422 2 3 180 348 2 3 204 
205 -2 -2 154 19 -1 -2 93 496 3 2 223 422 2 3 185 348 2 3 209 
0 3 1 193 19 -1 -2 95 496 3 2 228 422 2 3 190 348 2 3 214 
416 -1 1 165 19 -1 -2 97 496 3 2 233 422 2 3 195 348 2 3 219 
205 -2 -2 164 19 -1 -2 99 496 3 2 238 422 2 3 200 348 2 3 224 
0 3 1 203 19 -1 -2 101 496 3 2 243 422 2 3 205 348 2 3 229 
416 -1 1 175 19 -1 -2 103 496 3 2 248 422 2 3 210 348 2 3 234 
205 -2 -2 174 19 -1 -2 105 496 3 2 253 422 2 3 215 348 2 3 239 
0 3 1 213 19 -1 -2 107 496 3 2 258 422 2 3 220 348 2 3 244 
416 -1 1 185 19 -1 -2 109 496 3 2 263 422 2 3 225 348 2 3 249 
205 -2 -2 184 19 -1 -2 111 496 3 2 268 422 2 3 230 348 2 3 254 
0 3 1 223 19 -1 -2 113 496 3 2 273 422 2 3 235 348 2 3 259 
416 -1 1 195 19 -1 -2 115 496 3 2 278 422 2 3 240 348 2 3 264 
205 -2 -2 194 19 -1 -2 117 496 3 2 283 422 2 3 245 348 2 3 269 
0 3 1 233 19 -1 -2 119 496 3 2 288 422 2 3 250 348 2 3 274 
416 -1 1 205 19 -1 -2 121 496 3 2 293 422 2 3 255 348 2 3 279 
205 -2 -2 204 19 -1 -2 123 496 3 2 298 422 2 3 260 348 2 3 284 
0 3 1 243 19 -1 -2 125 496 3 2 303 422 2 3 265 348 2 3 289 
416 -1 1 215 19 -1 -2 127 496 3 2 308 422 2 3 270 348 2 3 294 
205 -2 -2 214 19 -1 -2 129 496 3 2 313 422 2 3 275 348 2 3 299 
0 3 1 253 19 -1 -2 131 496 3 2 318 422 2 3 280 348 2 3 304 
416 -1 1 225 19 -1 -2 133 496 3 2 323 422 2 3 285 348 2 3 309 
205 -2 -2 224 19 -1 -2 135 496 3 2 328 422 2 3 290 348 2 3 314 
0 3 1 263 19 -1 -2 137 496 3 2 333 422 2 3 295 348 2 3 319 
416 -1 1 235 19 -1 -2 139 496 3 2 338 422 2 3 300 348 2 3 324 
205 -2 -2 234 19 -1 -2 141 496 3 2 343 422 2 3 305 348 2 3 329 
0 3 1 273 19 -1 -2 143 496 3 2 348 422 2 3 310 348 2 3 334 
416 -1 1 245 19 -1 -2 145 496 3 2 353 422 2 3 315 348 2 3 339 
205 -2 -2 244 19 -1 -2 147 496 3 2 358 422 2 3 320 348 2 3 344 
0 3 1 283 19 -1 -2 149 496 3 2 363 422 2 3 325 348 2 3 349 
416 -1 1 255 19 -1 -2 151 496 3 2 368 422 2 3 330 348 2 3 354 
205 -2 -2 254 19 -1 -2 153 496 3 2 373 422 2 3 335 348 2 3 359 
0 3 1 293 19 -1 -2 155 496 3 2 378 422 2 3 340 348 2 3 364 
416 -1 1 265 19 -1 -2 157 496 3 2 383 422 2 3 345 348 2 3 369 
205 -2 -2 264 19 -1 -2 159 496 3 2 388 422 2 3 350 348 2 3 374 
0 3 1 303 19 -1 -2 161 496 3 2 393 422 2 3 355 348 2 3 379 
416 -1 1 275 19 -1 -2 163 496 3 2 398 422 2 3 360 348 2 3 384 
205 -2 -2 274 19 -1 -2 165 496 3 2 403 422 2 3 365 348 2 3 389 
0 3 1 313 19 -1 -2 167 496 3 2 408 422 2 3 370 348 2 3 394 
416 -1 1 285 19 -1 -2 169 496 3 2 413 422 2 3 375 348 2 3 399 
205 -2 -2 284 19 -1 -2 171 496 3 2 418 422 2 3 380 348 2 3 404 
0 3 1 323 19 -1 -2 173 496 3 2 423 422 2 3 385 348 2 3 409 
416 -1 1 295 19 -1 -2 175 496 3 2 428 422 2 3 390 348 2 3 414 
205 -2 -2 294 19 -1 -2 177 496 3 2 433 422 2 3 395 348 2 3 419 
0 3 1 333 19 -1 -2 179 496 3 2 438 422 2 3 400 348 2 3 424 
416 -1 1 305 19 -1 -2 181 496 3 2 443 422 2 3 405 348 2 3 429 
205 -2 -2 304 19 -1 -2 183 496 3 2 448 422 2 3 410 348 2 3 434 
0 3 1 343 19 -1 -2 185 496 3 2 453 422 2 3 415 348 2 3 439 
416 -1 1 315 19 -1 -2 187 496 3 2 458 422 2 3 420 348 2 3 444 
205 -2 -2 314 19 -1 -2 189 496 3 2 463 422 2 3 425 348 2 3 449 
0 3 1 353 19 -1 -2 191 496 3 2 468 422 2 3 430 348 2 3 454 
416 -1 1 325 19 -1 -2 193 496 3 2 473 422 2 3 435 348 2 3 459 
205 -2 -2 324 19 -1 -2 195 496 3 2 478 422 2 3 440 348 2 3 464 
0 3 1 363 19 -1 -2 197 496 3 2 483 422 2 3 445 348 2 3 469 
416 -1 1 335 19 -1 -2 199 496 3 2 488 422 2 3 450 348 2 3 474 
205 -2 -2 334 19 -1 -2 201 496 3 2 493 422 2 3 455 348 2 3 479 
0 3 1 373 19 -1 -2 203 496 3 2 498 422 2 3 460 348 2 3 484 
416 -1 1 345 19 -1 -2 205 496 3 2 503 422 2 3 465 348 2 3 489 
205 -2 -2 344 19 -1 -2 207 496 3 2 508 422 2 3 470 348 2 3 494 
0 3 1 383 19 -1 -2 209 496 3 2 513 422 2 3 475 348 2 3 499 
416 -1 1 355 19 -1 -2 211 496 3 2 518 422 2 3 480 348 2 3 504 
205 -2 -2 354 19 -1 -2 213 496 3 2 523 422 2 3 485 348 2 3 509 
0 3 1 393 19 -1 -2 215 496 3 2 528 422 2 3 490 348 2 3 514 
416 -1 1 365 19 -1 -2 217 496 3 2 533 422 2 3 495 348 2 3 519 
205 -2 -2 364 19 -1 -2 219 496 3 2 538 422 2 3 500 348 2 3 524 
0 3 1 403 19 -1 -2 221 496 3 2 543 422 2 3 505 348 2 3 529 
416 -1 1 375 19 -1 -2 223 496 3 2 548 422 2 3 510 348 2 3 534 
205 -2 -2 374 19 -1 -2 225 496 3 2 553 422 2 3 515 348 2 3 539 
0 3 1 413 19 -1 -2 227 496 3 2 558 422 2 3 520 348 2 3 544 
416 -1 1 385 19 -1 -2 229 496 3 2 563 422 2 3 525 348 2 3 549 
205 -2 -2 384 19 -1 -2 231 496 3 2 568 422 2 3 530 348 2 3 554 
0 3 1 423 19 -1 -2 233 496 3 2 573 422 2 3 535 348 2 3 559 
416 -1 1 395 19 -1 -2 235 496 3 2 578 422 2 3 540 348 2 3 564 
205 -2 -2 394 19 -1 -2 237 496 3 2 583 422 2 3 545 348 2 3 569 
0 3 1 433 19 -1 -2 239 496 3 2 588 422 2 3 550 348 2 3 574 
416 -1 1 405 19 -1 -2 241 496 3 2 593 422 2 3 555 348 2 3 579 
205 -2 -2 404 19 -1 -2 243 496 3 2 598 422 2 3 560 348 2 3 584 
0 3 1 443 19 -1 -2 245 496 3 2 603 422 2 3 565 348 2 3 589 
416 -1 1 415 19 -1 -2 247 496 3 2 608 422 2 3 570 348 2 3 594 
205 -2 -2 414 19 -1 -2 249 496 3 2 613 422 2 3 575 348 2 3 599 
0 3 1 453 19 -1 -2 251 496 3 2 618 422 2 3 580 348 2 3 604 
416 -1 1 425 19 -1 -2 253 496 3 2 623 422 2 3 585 348 2 3 609 
205 -2 -2 424 19 -1 -2 255 496 3 2 628 422 2 3 590 348 2 3 614 
0 3 1 463 19 -1 -2 257 496 3 2 633 422 2 3 595 348 2 3 619 
416 -1 1 435 19 -1 -2 259 496 3 2 638 422 2 3 600 348 2 3 624 
205 -2 -2 434 19 -1 -2 261 496 3 2 643 422 2 3 605 348 2 3 629 
0 3 1 473 19 -1 -2 263 496 3 2 648 422 2 3 610 348 2 3 634 
416 -1 1 445 19 -1 -2 265 496 3 2 653 422 2 3 615 348 2 3 639 
205 -2 -2 444 19 -1 -2 267 496 3 2 658 422 2 3 620 348 2 3 644 
0 3 1 483 19 -1 -2 269 496 3 2 663 422 2 3 625 348 2 3 649 
416 -1 1 455 19 -1 -2 271 496 3 2 668 422 2 3 630 348 2 3 654 
205 -2 -2 454 19 -1 -2 273 496 3 2 673 422 2 3 635 348 2 3 659 
0 3 1 493 19 -1 -2 275 496 3 2 678 422 2 3 640 348 2 3 664 
416 -1 1 465 19 -1 -2 277 496 3 2 683 422 2 3 645 348 2 3 669 
205 -2 -2 464 19 -1 -2 279 496 3 2 688 422 2 3 650 348 2 3 674 
0 3 1 503 19 -1 -2 281 496 3 2 693 422 2 3 655 348 2 3 679 
416 -1 1 475 19 -1 -2 283 496 3 2 698 422 2 3 660 348 2 3 684 
205 -2 -2 474 19 -1 -2 285 496 3 2 703 422 2 3 665 348 2 3 689 
0 3 1 513 19 -1 -2 287 496 3 2 708 422 2 3 670 348 2 3 694 
416 -1 1 485 19 -1 -2 289 496 3 2 713 422 2 3 675 348 2 3 699 
205 -2 -2 484 19 -1 -2 291 496 3 2 718 422 2 3 680 348 2 3 704 
0 3 1 523 19 -1 -2 293 496 3 2 723 422 2 3 685 348 2 3 709 
416 -1 1 495 19 -1 -2 295 496 3 2 728 422 2 3 690 348 2 3 714 
205 -2 -2 494 19 -1 -2 297 496 3 2 733 422 2 3 695 348 2 3 719 
0 3 1 533 19 -1 -2 299 496 3 2 738 422 2 3 700 348 2 3 724 
416 -1 1 505 19 -1 -2 301 496 3 2 743 422 2 3 705 348 2 3 729 
205 -2 -2 504 19 -1 -2 303 496 3 2 748 422 2 3 710 348 2 3 734 
0 3 1 543 19 -1 -2 305 496 3 2 753 422 2 3 715 348 2 3 739 
416 -1 1 515 19 -1 -2 307 496 3 2 758 422 2 3 720 348 2 3 744 
205 -2 -2 514 19 -1 -2 309 496 3 2 763 422 2 3 725 348 2 3 749 
0 3 1 553 19 -1 -2 311 496 3 2 768 422 2 3 730 348 2 3 754 
416 -1 1 525 19 -1 -2 313 496 3 2 773 422 2 3 735 348 2 3 759 
205 -2 -2 524 19 -1 -2 315 496 3 2 778 422 2 3 740 348 2 3 764 
0 3 1 563 19 -1 -2 317 496 3 2 783 422 2 3 745 348 2 3 769 
416 -1 1 535 19 -1 -2 319 496 3 2 788 422 2 3 750 348 2 3 774 
205 -2 -2 534 19 -1 -2 321 496 3 2 793 422 2 3 755 348 2 3 779 
0 3 1 573 19 -1 -2 323 496 3 2 798 422 2 3 760 348 2 3 784 
416 -1 1 545 19 -1 -2 325 496 3 2 803 422 2 3 765 348 2 3 789 
205 -2 -2 544 19 -1 -2 327 496 3 2 808 422 2 3 770 348 2 3 794 
0 3 1 583 19 -1 -2 329 496 3 2 813 422 2 3 775 348 2 3 799 
416 -1 1 555 19 -1 -2 331 496 3 2 818 422 2 3 780 348 2 3 804 
205 -2 -2 554 19 -1 -2 333 496 3 2 823 422 2 3 785 348 2 3 809 
0 3 1 593 19 -1 -2 335 496 3 2 828 422 2 3 790 348 2 3 814 
416 -1 1 565 19 -1 -2 337 496 3 2 833 422 2 3 795 348 2 3 819 
205 -2 -2 564 19 -1 -2 339 496 3 2 838 422 2 3 800 348 2 3 824 
0 3 1 603 19 -1 -2 341 496 3 2 843 422 2 3 805 348 2 3 829 
416 -1 1 575 19 -1 -2 343 496 3 2 848 422 2 3 810 348 2 3 834 
205 -2 -2 574 19 -1 -2 345 496 3 2 853 422 2 3 815 348 2 3 839 
0 3 1 613 19 -1 -2 347 496 3 2 858 422 2 3 820 348 2 3 844 
416 -1 1 585 19 -1 -2 349 496 3 2 863 422 2 3 825 348 2 3 849 
205 -2 -2 584 19 -1 -2 351 496 3 2 868 422 2 3 830 348 2 3 854 
0 3 1 623 19 -1 -2 353 496 3 2 873 422 2 3 835 348 2 3 859 
416 -1 1 595 19 -1 -2 355 496 3 2 878 422 2 3 840 348 2 3 864 
205 -2 -2 594 19 -1 -2 357 496 3 2 883 422 2 3 845 348 2 3 869 
0 3 1 633 19 -1 -2 359 496 3 2 888 422 2 3 850 348 2 3 874 
416 -1 1 605 19 -1 -2 361 496 3 2 893 422 2 3 855 348 2 3 879 
205 -2 -2 604 19 -1 -2 363 496 3 2 898 422 2 3 860 348 2 3 884 
0 3 1 643 19 -1 -2 365 496 3 2 903 422 2 3 865 348 2 3 889 
416 -1 1 615 19 -1 -2 367 496 3 2 908 422 2 3 870 348 2 3 894 
205 -2 -2 614 19 -1 -2 369 496 3 2 913 422 2 3 875 348 2 3 899 
0 3 1 653 19 -1 -2 371 496 3 2 918 422 2 3 880 348 2 3 904 
416 -1 1 625 19 -1 -2 373 496 3 2 923 422 2 3 885 348 2 3 909 
205 -2 -2 624 19 -1 -2 375 496 3 2 928 422 2 3 890 348 2 3 914 
0 3 1 663 19 -1 -2 377 496 3 2 933 422 2 3 895 348 2 3 919 
416 -1 1 635 19 -1 -2 379 496 3 2 938 422 2 3 900 348 2 3 924 
205 -2 -2 634 19 -1 -2 381 496 3 2 943 422 2 3 905 348 2 3 929 
0 3 1 673 19 -1 -2 383 496 3 2 948 422 2 3 910 348 2 3 934 
416 -1 1 645 19 -1 -2 385 496 3 2 953 422 2 3 915 348 2 3 939 
205 -2 -2 644 19 -1 -2 387 496 3 2 958 422 2 3 920 348 2 3 944 
0 3 1 683 19 -1 -2 389 496 3 2 963 422 2 3 925 348 2 3 949 
416 -1 1 655 19 -1 -2 391 496 3 2 968 422 2 3 930 348 2 3 954 
205 -2 -2 654 19 -1 -2 393 496 3 2 973 422 2 3 935 348 2 3 959 
0 3 1 693 19 -1 -2 395 496 3 2 978 422 2 3 940 348 2 3 964 
416 -1 1 665 19 -1 -2 397 496 3 2 983 422 2 3 945 348 2 3 969 
205 -2 -2 664 19 -1 -2 399 496 3 2 988 422 2 3 950 348 2 3 974 
0 3 1 703 19 -1 -2 401 496 3 2 993 422 2 3 955 348 2 3 979 
416 -1 1 675 19 -1 -2 403 496 3 2 998 422 2 3 960 348 2 3 984 
205 -2 -2 674 19 -1 -2 405 496 3 2 1003 422 2 3 965 348 2 3 989 
0 3 1 713 19 -1 -2 407 496 3 2 1008 422 2 3 970 348 2 3 994 
416 -1 1 685 19 -1 -2 409 496 3 2 1013 422 2 3 975 348 2 3 999 
205 -2 -2 684 19 -1 -2 411 496 3 2 1018 422 2 3 980 348 2 3 1004 
0 3 1 723 19 -1 -2 413 496 3 2 1023 422 2 3 985 348 2 3 1009 
416 -1 1 695 19 -1 -2 415 496 3 2 1028 422 2 3 990 348 2 3 1014 
205 -2 -2 694 19 -1 -2 417 496 3 2 1033 422 2 3 995 348 2 3 1019 
0 3 1 733 19 -1 -2 419 496 3 2 1038 422 2 3 1000 348 2 3 1024 
416 -1 1 705 19 -1 -2 421 496 3 2 1043 422 2 3 1005 348 2 3 1029 
205 -2 -2 704 19 -1 -2 423 496 3 2 1048 422 2 3 1010 348 2 3 1034 
0 3 1 743 19 -1 -2 425 496 3 2 1053 422 2 3 1015 348 2 3 1039 
416 -1 1 715 19 -1 -2 427 496 3 2 1058 422 2 3 1020 348 2 3 1044 
205 -2 -2 714 19 -1 -2 429 496 3 2 1063 422 2 3 1025 348 2 3 1049 
0 3 1 753 19 -1 -2 431 496 3 2 1068 422 2 3 1030 348 2 3 1054 
416 -1 1 725 19 -1 -2 433 496 3 2 1073 422 2 3 1035 348 2 3 1059 
205 -2 -2 724 19 -1 -2 435 496 3 2 1078 422 2 3 1040 348 2 3 1064 
0 3 1 763 19 -1 -2 437 496 3 2 1083 422 2 3 1045 348 2 3 1069 
416 -1 1 735 19 -1 -2 439 496 3 2 1088 422 2 3 1050 348 2 3 1074 
205 -2 -2 734 19 -1 -2 441 496 3 2 1093 422 2 3 1055 348 2 3 1079 
0 3 1 773 19 -1 -2 443 496 3 2 1098 422 2 3 1060 348 2 3 1084 
416 -1 1 745 19 -1 -2 445 496 3 2 1103 422 2 3 1065 348 2 3 1089 
205 -2 -2 744 19 -1 -2 447 496 3 2 1108 422 2 3 1070 348 2 3 1094 
0 3 1 783 19 -1 -2 449 496 3 2 1113 422 2 3 1075 348 2 3 1099 
416 -1 1 755 19 -1 -2 451 496 3 2 1118 422 2 3 1080 348 2 3 1104 
205 -2 -2 754 19 -1 -2 453 496 3 2 1123 422 2 3 1085 348 2 3 1109 
0 3 1 793 19 -1 -2 455 496 3 2 1128 422 2 3 1090 348 2 3 1114 
416 -1 1 765 19 -1 -2 457 496 3 2 1133 422 2 3 1095 348 2 3 1119 
205 -2 -2 764 19 -1 -2 459 496 3 2 1138 422 2 3 1100 348 2 3 1124 
